0, 324
0, 345
1, 337
1, 339
1, 339
2, 351
2, 333
2, 333
28, 365
66, 336
104, 359
145, 378
187, 358
229, 357
270, 347
312, 330
354, 361
395, 364
437, 354
479, 368
520, 377
562, 367
604, 370
645, 368
687, 342
729, 368
770, 339
812, 353
854, 364
894, 365
936, 342
978, 368
1019, 333
1065, 346
1112, 364
1158, 332
1203, 359
1249, 348
1295, 336
1341, 338
1386, 379
1432, 339
1478, 377
1524, 364
1569, 353
1615, 370
1661, 352
1708, 375
1753, 383
1799, 373
1845, 359
1890, 354
1936, 374
1982, 329
2028, 381
2073, 346
2119, 360
2165, 342
2211, 339
2256, 340
2302, 345
2349, 307
2395, 330
2440, 347
2486, 358
2532, 293
2578, 319
2623, 307
2669, 335
2715, 282
2761, 315
2806, 327
2852, 334
2898, 326
2945, 343
2990, 308
3036, 345
3082, 346
3127, 332
3173, 328
3219, 347
3265, 313
3310, 348
3356, 309
3402, 342
3448, 311
3493, 319
3539, 328
3586, 337
3632, 350
3677, 342
3723, 323
3769, 342
3815, 303
3860, 342
3906, 284
3952, 331
3998, 316
4043, 328
4089, 311
4135, 325
4182, 310
4227, 321
4273, 321
4319, 305
4365, 262
4410, 317
4456, 289
4502, 327
4547, 314
4593, 322
4639, 277
4685, 340
4730, 278
4776, 318
4823, 328
4869, 328
4914, 347
4960, 323
5006, 310
5052, 348
5097, 351
5143, 333
5189, 333
5235, 357
5280, 338
5326, 357
5372, 345
5419, 347
5464, 341
5510, 310
5556, 338
5602, 348
5647, 307
5693, 325
5739, 302
5784, 318
5830, 267
5876, 286
5922, 264
5967, 311
6013, 292
6060, 281
6106, 266
6151, 309
6197, 279
6243, 294
6289, 279
6334, 321
6380, 306
6426, 295
6472, 296
6517, 314
6563, 284
6609, 299
6656, 320
6701, 311
6747, 277
6793, 311
6839, 289
6884, 305
6930, 320
6976, 308
7021, 298
7067, 313
7113, 290
7159, 304
7204, 336
7250, 310
7297, 341
7343, 304
7388, 300
7434, 326
7480, 297
7526, 308
7571, 346
7617, 332
7663, 312
7709, 312
7754, 324
7800, 327
7846, 307
7892, 298
7938, 328
7984, 324
8030, 307
8076, 332
8121, 326
8167, 332
8213, 293
8259, 299
8304, 310
8350, 316
8396, 319
8441, 299
8487, 322
8534, 313
8580, 306
8625, 308
8671, 308
8717, 320
8763, 328
8808, 318
8854, 316
8900, 314
8946, 322
8991, 310
9037, 334
9083, 321
9129, 326
9175, 333
9221, 335
9267, 337
9313, 320
9358, 324
9404, 348
9450, 342
9496, 341
9541, 339
9587, 351
9633, 362
9678, 357
9724, 345
9771, 363
9817, 379
9862, 361
9908, 355
9954, 375
10000, 375
10049, 372
10099, 369
10149, 375
10200, 370
10250, 380
10300, 378
10349, 377
10399, 356
10449, 373
10500, 361
10550, 357
10599, 376
10649, 359
10699, 363
10749, 380
10800, 368
10849, 355
10899, 359
10949, 355
10999, 357
11049, 361
11099, 355
11149, 346
11199, 353
11249, 362
11299, 341
11350, 338
11399, 351
11449, 323
11499, 337
11549, 348
11599, 334
11649, 336
11699, 329
11749, 348
11799, 334
11849, 342
11898, 345
11949, 337
11999, 333
12049, 339
12099, 328
12148, 336
12198, 312
12249, 325
12299, 327
12349, 345
12398, 348
12448, 354
12498, 352
12549, 368
12599, 351
12649, 337
12698, 348
12748, 336
12798, 345
12849, 333
12899, 352
12948, 354
12998, 339
13048, 341
13099, 335
13149, 326
13198, 336
13248, 329
13298, 346
13348, 336
13399, 369
13448, 352
13498, 358
13548, 378
13598, 354
13648, 381
13699, 360
13748, 354
13798, 365
13848, 371
13898, 382
13948, 360
13998, 366
14048, 373
14098, 362
14148, 350
14198, 348
14247, 344
14298, 360
14348, 367
14398, 336
14448, 348
14497, 363
14547, 342
14598, 376
14648, 362
14698, 364
14747, 379
14797, 355
14848, 374
14898, 363
14948, 401
14998, 382
15047, 364
15097, 376
15148, 378
15198, 362
15248, 379
15297, 373
15347, 381
15397, 365
15448, 341
15498, 346
15547, 363
15597, 384
15647, 380
15697, 356
15748, 358
15797, 347
15847, 381
15897, 377
15947, 368
15997, 370
16048, 364
16097, 378
16147, 322
16197, 356
16247, 369
16297, 346
16347, 367
16397, 312
16447, 328
16497, 296
16547, 355
16596, 377
16647, 347
16697, 300
16747, 368
16797, 301
16846, 356
16897, 360
16947, 350
16997, 310
17047, 321
17096, 323
17146, 265
17197, 294
17247, 281
17297, 276
17347, 300
17396, 215
17446, 315
17497, 272
17547, 268
17597, 224
17646, 249
17696, 292
17746, 300
17797, 293
17847, 260
17896, 273
17946, 296
17996, 287
18046, 307
18097, 252
18146, 283
18196, 255
18246, 290
18296, 272
18347, 344
18397, 326
18446, 284
18496, 318
18546, 308
18596, 344
18647, 346
18696, 290
18746, 345
18796, 277
18846, 328
18896, 290
18946, 299
18996, 269
19046, 275
19096, 293
19146, 355
19195, 316
19246, 366
19296, 283
19346, 357
19396, 270
19445, 345
19495, 308
19546, 355
19596, 320
19646, 311
19696, 329
19745, 352
19795, 350
19846, 291
19896, 348
19946, 317
19995, 308
20045, 277
20096, 309
20146, 333
20196, 285
20245, 330
20295, 317
20345, 277
20396, 293
20446, 299
20495, 344
20545, 324
20595, 311
20645, 325
20696, 286
20746, 289
20795, 321
20845, 327
20895, 291
20945, 319
20996, 314
21045, 332
21095, 285
21145, 324
21195, 320
21245, 318
21295, 311
21345, 308
21395, 305
21445, 296
21495, 320
21544, 285
21595, 310
21645, 297
21695, 308
21745, 323
21795, 332
21844, 324
21895, 331
21945, 314
21995, 334
22045, 324
22094, 292
22145, 315
22195, 318
22245, 337
22295, 326
22344, 311
22394, 301
22445, 321
22495, 334
22545, 318
22594, 300
22644, 325
22694, 339
22745, 320
22795, 306
22844, 334
22894, 315
22944, 334
22994, 335
23045, 351
23095, 331
23144, 325
23194, 317
23244, 341
23294, 311
23345, 336
23394, 311
23444, 341
23494, 319
23544, 321
23595, 346
23644, 302
23694, 306
23744, 351
23794, 359
23844, 376
23894, 348
23944, 345
23994, 349
24044, 327
24094, 333
24144, 307
24194, 345
24244, 342
24294, 299
24344, 352
24394, 329
24443, 347
24494, 360
24544, 330
24594, 305
24644, 336
24693, 329
24743, 328
24794, 358
24844, 317
24894, 312
24943, 346
24993, 320
25043, 323
25094, 322
25144, 345
25193, 337
25243, 322
25293, 355
25344, 303
25394, 322
25444, 347
25493, 313
25543, 313
25593, 341
25644, 335
25694, 307
25743, 347
25793, 324
25843, 340
25893, 338
25944, 343
25993, 335
26043, 318
26093, 318
26143, 311
26193, 346
26243, 316
26293, 327
26343, 326
26393, 357
26443, 313
26493, 305
26543, 338
26593, 338
26643, 346
26693, 305
26743, 341
26792, 333
26843, 349
26893, 333
26943, 307
26993, 315
27042, 329
27092, 334
27143, 338
27193, 331
27243, 324
27292, 319
27342, 299
27393, 285
27443, 312
27493, 330
27542, 332
27592, 302
27642, 325
27693, 328
27743, 299
27793, 311
27842, 313
27892, 330
27942, 304
27993, 339
28043, 286
28092, 319
28142, 298
28192, 306
28242, 303
28293, 321
28342, 292
28392, 297
28442, 320
28492, 303
28542, 336
28592, 302
28642, 317
28692, 309
28742, 316
28792, 303
28843, 334
28892, 307
28942, 331
28992, 322
29042, 303
29092, 317
29142, 324
29192, 323
29242, 324
29292, 327
29342, 313
29391, 325
29442, 316
29492, 316
29542, 330
29592, 314
29641, 328
29691, 318
29742, 308
29792, 309
29842, 328
29891, 310
29941, 289
29991, 320
30042, 310
30092, 298
30142, 315
30191, 306
30241, 292
30291, 307
30342, 320
30392, 312
30441, 318
30491, 320
30541, 320
30592, 337
30642, 322
30691, 341
30741, 338
30791, 324
30841, 336
30892, 347
30941, 335
30991, 328
31041, 323
31091, 341
31141, 324
31192, 321
31241, 315
31291, 331
31341, 284
31391, 295
31441, 305
31491, 306
31541, 296
31591, 285
31641, 299
31691, 295
31740, 279
31791, 291
31841, 293
31891, 294
31941, 298
31990, 309
32040, 302
32091, 306
32141, 319
32191, 313
32240, 314
32290, 314
32340, 322
32391, 314
32441, 313
32491, 314
32540, 310
32590, 322
32641, 311
32691, 317
32741, 316
32790, 325
32840, 308
32890, 307
32941, 302
32991, 303
33040, 307
33090, 311
33140, 315
33190, 317
33241, 311
33290, 313
33340, 305
33390, 307
33440, 300
33490, 311
33541, 309
33590, 313
33640, 311
33690, 306
33740, 284
33790, 310
33840, 304
33890, 317
33940, 306
33990, 316
34040, 323
34089, 315
34140, 318
34190, 311
34240, 327
34290, 321
34339, 321
34390, 313
34440, 309
34490, 323
34540, 314
34590, 304
34639, 303
34690, 303
34740, 313
34790, 312
34840, 317
34889, 313
34939, 306
34990, 292
35040, 279
35090, 296
35139, 305
35189, 312
35239, 301
35290, 309
35340, 308
35389, 304
35439, 306
35489, 285
35539, 290
35590, 287
35639, 288
35689, 286
35739, 297
35789, 299
35840, 320
35890, 300
35939, 301
35989, 299
36039, 303
36089, 279
36140, 286
36189, 289
36239, 294
36289, 303
36339, 309
36389, 294
36439, 301
36489, 301
36539, 306
36589, 292
36639, 300
36688, 305
36739, 321
36789, 306
36839, 308
36889, 283
36939, 320
36988, 296
37039, 296
37089, 309
37139, 299
37189, 292
37238, 302
37288, 284
37339, 306
37389, 294
37439, 295
37488, 299
37538, 301
37588, 302
37639, 281
37689, 301
37738, 288
37788, 306
37838, 317
37889, 321
37939, 304
37988, 313
38038, 300
38088, 281
38138, 289
38189, 278
38239, 293
38288, 312
38338, 293
38388, 312
38438, 302
38489, 302
38538, 315
38588, 300
38638, 315
38688, 302
38738, 317
38788, 309
38838, 313
38888, 325
38938, 292
38988, 334
39037, 315
39088, 313
39138, 334
39188, 302
39238, 311
39288, 327
39337, 312
39388, 332
39438, 326
39488, 326
39538, 325
39587, 294
39638, 330
39688, 350
39738, 288
39788, 340
39837, 362
39887, 338
39938, 304
39988, 309
40038, 335
40087, 294
40137, 334
40187, 342
40238, 311
40288, 288
40337, 313
40387, 348
40437, 282
40487, 314
40538, 335
40588, 279
40637, 296
40687, 302
40737, 286
40787, 308
40838, 265
40887, 266
40937, 273
40987, 275
41037, 278
41088, 270
41137, 299
41187, 283
41237, 265
41287, 314
41337, 310
41387, 284
41437, 297
41487, 274
41537, 301
41587, 276
41637, 262
41687, 258
41737, 290
41787, 243
41837, 255
41887, 268
41936, 279
41987, 296
42037, 292
42087, 258
42137, 263
42186, 267
42236, 241
42287, 294
42337, 294
42387, 298
42436, 253
42486, 247
42536, 272
42587, 263
42637, 244
42686, 279
42736, 286
42786, 241
42836, 261
42887, 268
42937, 214
42986, 235
43036, 264
43086, 240
43137, 205
43187, 183
43236, 197
43286, 223
43336, 229
43386, 191
43437, 241
43486, 196
43536, 231
43586, 194
43636, 236
43686, 231
43736, 201
43786, 260
43836, 259
43886, 193
43936, 240
43986, 237
44036, 253
44086, 219
44136, 246
44186, 218
44236, 268
44285, 208
44336, 250
44386, 258
44436, 241
44486, 242
44535, 253
44585, 293
44636, 230
44686, 253
44736, 274
44785, 235
44835, 263
44886, 257
44936, 278
44986, 282
45035, 284
45085, 284
45135, 264
45186, 275
45236, 287
45286, 268
45335, 244
45385, 248
45435, 252
45486, 241
45536, 262
45585, 293
45635, 249
45685, 261
45735, 233
45786, 261
45835, 246
45885, 250
45935, 258
45985, 260
46035, 273
46085, 248
46135, 266
46185, 287
46235, 260
46285, 270
46336, 237
46385, 235
46435, 269
46485, 261
46535, 221
46585, 267
46635, 295
46685, 263
46735, 296
46785, 268
46835, 264
46884, 259
46935, 282
46985, 287
47035, 283
47085, 298
47134, 302
47184, 271
47235, 276
47285, 303
47335, 299
47385, 287
47434, 285
47484, 284
47535, 270
47585, 298
47635, 289
47684, 277
47734, 289
47784, 283
47835, 286
47885, 276
47934, 277
47984, 287
48034, 279
48084, 260
48135, 275
48184, 289
48234, 287
48284, 279
48334, 299
48385, 289
48434, 279
48484, 286
48534, 288
48584, 293
48634, 285
48685, 280
48734, 297
48784, 309
48834, 286
48884, 295
48934, 279
48984, 267
49034, 300
49084, 308
49134, 304
49184, 285
49233, 301
49284, 277
49334, 265
49384, 274
49434, 269
49483, 317
49533, 298
49584, 332
49634, 297
49684, 313
49734, 302
49783, 272
49833, 268
49884, 273
49934, 300
49984, 323
50033, 293
50083, 298
50134, 305
50184, 285
50234, 285
50283, 276
50333, 313
50383, 264
50434, 298
50484, 330
50533, 279
50583, 272
50633, 301
50683, 293
50734, 303
50783, 296
50833, 276
50883, 301
50933, 283
50983, 286
51034, 284
51083, 289
51133, 290
51183, 290
51233, 285
51283, 303
51333, 275
51383, 296
51433, 282
51483, 278
51533, 302
51582, 283
51633, 288
51683, 284
51733, 317
51783, 253
51832, 249
51883, 258
51933, 275
51983, 292
52033, 270
52083, 291
52132, 276
52183, 303
52233, 262
52283, 291
52333, 295
52382, 320
52432, 293
52483, 301
52533, 289
52583, 312
52632, 302
52682, 311
52732, 308
52783, 316
52833, 317
52882, 301
52932, 302
52982, 310
53032, 287
53083, 319
53132, 294
53182, 286
53232, 307
53282, 297
53332, 348
53383, 318
53432, 335
53482, 317
53532, 325
53582, 311
53633, 332
53682, 331
53732, 322
53782, 329
53832, 316
53882, 308
53932, 309
53982, 322
54032, 337
54082, 325
54132, 342
54181, 344
54232, 317
54282, 337
54332, 336
54382, 312
54432, 346
54481, 326
54532, 293
54582, 309
54632, 296
54682, 343
54731, 310
54781, 334
54832, 321
54882, 340
54932, 328
54981, 332
55031, 333
55081, 331
55132, 340
55182, 315
55231, 334
55281, 347
55331, 322
55382, 314
55432, 338
55481, 325
55531, 349
55581, 320
55631, 333
55682, 351
55732, 330
55781, 325
55831, 326
55881, 320
55931, 330
55982, 371
56031, 351
56081, 379
56131, 359
56181, 331
56231, 352
56281, 356
56331, 375
56381, 371
56431, 377
56481, 372
56530, 380
56581, 365
56631, 347
56681, 342
56731, 365
56781, 323
56830, 355
56881, 326
56931, 328
56981, 304
57031, 341
57080, 313
57131, 329
57181, 306
57231, 348
57281, 325
57330, 345
57380, 321
57431, 337
57481, 305
57531, 348
57580, 310
57630, 337
57680, 327
57731, 312
57781, 319
57830, 337
57880, 303
57930, 345
57980, 318
58031, 319
58081, 324
58130, 330
58180, 344
58230, 329
58280, 349
58331, 333
58380, 348
58430, 317
58480, 326
58530, 324
58580, 353
58630, 316
58680, 324
58730, 325
58780, 336
58830, 348
58880, 343
58930, 352
58980, 354
59030, 345
59080, 339
59130, 336
59180, 343
59230, 336
59280, 334
59330, 341
59380, 344
59429, 339
59480, 325
59530, 330
59580, 362
59630, 347
59679, 349
59729, 359
59780, 339
59830, 348
59880, 345
59929, 319
59979, 338
60029, 346
60080, 341
60130, 332
60180, 339
60229, 339
60279, 338
60329, 334
60380, 336
60430, 340
60479, 349
60529, 359
60579, 354
60630, 356
60680, 361
60729, 368
60779, 364
60829, 375
60879, 326
60930, 358
60979, 358
61029, 355
61079, 355
61129, 352
61179, 351
61229, 347
61279, 345
61329, 353
61379, 340
61429, 342
61479, 350
61529, 354
61579, 347
61629, 350
61679, 333
61729, 327
61778, 329
61829, 329
61879, 326
61929, 329
61979, 315
62028, 332
62078, 308
62129, 331
62179, 328
62229, 314
62278, 307
62328, 335
62379, 329
62429, 334
62479, 336
62529, 338
62578, 331
62628, 308
62679, 302
62729, 305
62779, 311
62828, 313
62878, 302
62928, 314
62979, 317
63029, 312
63078, 322
63128, 311
63178, 322
63228, 330
63279, 321
63328, 317
63378, 315
63428, 315
63478, 314
63528, 325
63578, 341
63628, 342
63678, 348
63728, 340
63778, 312
63828, 293
63878, 295
63928, 311
63978, 312
64028, 297
64078, 312
64128, 306
64178, 314
64228, 317
64278, 309
64328, 310
64377, 318
64428, 314
64478, 317
64528, 316
64578, 322
64627, 319
64677, 323
64728, 315
64778, 312
64828, 326
64878, 326
64927, 336
64977, 329
65028, 341
65078, 333
65128, 336
65177, 330
65227, 326
65277, 328
65328, 331
65378, 331
65427, 332
65477, 334
65527, 330
65577, 332
65628, 330
65677, 331
65727, 328
65777, 332
65827, 334
65878, 330
65927, 330
65977, 332
66027, 336
66077, 336
66127, 333
66178, 336
66227, 336
66277, 332
66327, 334
66377, 335
66427, 336
66477, 336
66527, 334
66577, 332
66627, 335
66677, 335
66726, 333
66777, 327
66827, 335
66877, 333
66927, 334
66976, 332
67026, 335
67077, 329
67127, 334
67177, 325
67227, 319
67276, 314
67326, 313
67377, 311
67427, 310
67477, 311
67526, 313
67576, 317
67627, 313
67677, 315
67727, 314
67776, 321
67826, 325
67876, 327
67927, 327
67977, 325
68026, 317
68076, 317
68126, 317
68176, 318
68227, 320
68276, 321
68326, 320
68376, 321
68426, 321
68476, 305
68527, 280
68576, 281
68626, 341
68676, 336
68726, 334
68776, 327
68826, 331
68876, 324
68926, 340
68976, 343
69026, 343
69075, 340
69126, 334
69176, 341
69226, 341
69276, 342
69325, 343
69376, 344
69426, 348
69476, 345
69526, 344
69576, 346
69625, 348
69676, 350
69726, 345
69776, 339
69826, 333
69875, 337
69925, 340
69976, 337
70026, 334
70076, 333
70125, 332
70175, 334
70225, 331
70276, 328
70326, 330
70375, 331
70425, 332
70475, 333
70525, 333
70576, 329
70625, 309
70675, 310
70725, 308
70775, 308
70825, 311
70876, 310
70925, 307
70975, 308
71025, 311
71075, 311
71126, 309
71175, 310
71225, 316
71275, 311
71325, 310
71375, 316
71425, 314
71475, 313
71525, 316
71575, 317
71625, 315
71674, 321
71725, 318
71775, 320
71825, 321
71875, 324
71925, 320
71974, 324
72025, 323
72075, 324
72125, 323
72175, 322
72224, 326
72274, 324
72325, 324
72375, 326
72425, 325
72474, 334
72524, 332
72574, 330
72625, 330
72675, 333
72724, 346
72774, 351
72824, 351
72875, 348
72925, 352
72975, 353
73024, 353
73074, 364
73124, 367
73175, 364
73225, 353
73274, 349
73324, 341
73374, 343
73424, 343
73475, 340
73524, 354
73574, 359
73624, 372
73674, 361
73724, 372
73774, 373
73824, 368
73874, 367
73924, 366
73974, 363
74023, 362
74074, 361
74124, 363
74174, 360
74224, 355
74274, 355
74323, 357
74374, 354
74424, 346
74474, 343
74524, 347
74573, 362
74624, 365
74674, 365
74724, 364
74774, 360
74823, 362
74873, 364
74924, 359
74974, 358
75024, 355
75073, 352
75123, 343
75173, 342
75224, 349
75274, 342
75324, 340
75373, 336
75423, 336
75473, 341
75524, 338
75574, 334
75623, 333
75673, 340
75723, 344
75773, 339
75824, 340
75873, 349
75923, 351
75973, 356
76023, 353
76073, 355
76123, 361
76173, 356
76223, 359
76273, 355
76323, 363
76372, 358
76423, 359
76473, 363
76523, 359
76573, 364
76623, 362
76673, 353
76723, 350
76773, 358
76823, 356
76873, 358
76922, 354
76973, 355
77023, 357
77073, 352
77123, 361
77172, 351
77222, 359
77273, 354
77323, 353
77373, 355
77422, 356
77472, 351
77522, 351
77573, 356
77623, 357
77673, 355
77722, 352
77772, 360
77822, 360
77873, 360
77923, 360
77972, 364
78022, 359
78072, 357
78123, 360
78173, 360
78222, 362
78272, 362
78322, 355
78372, 363
78423, 356
78472, 363
78522, 365
78572, 360
78622, 362
78672, 366
78722, 368
78772, 362
78822, 370
78872, 362
78922, 369
78972, 364
79022, 363
79072, 364
79122, 366
79172, 365
79222, 367
79271, 365
79322, 365
79372, 354
79422, 363
79472, 366
79521, 365
79571, 365
79622, 369
79672, 364
79722, 371
79771, 367
79821, 369
79872, 363
79922, 365
79972, 363
80022, 360
80071, 357
80121, 363
80172, 366
80222, 356
80272, 364
80321, 361
80371, 358
80421, 366
80472, 368
80522, 362
80571, 360
80621, 361
80671, 373
80721, 364
80772, 344
80821, 340
80871, 338
80921, 344
80971, 339
81021, 345
81071, 346
81121, 342
81171, 349
81221, 352
81271, 348
81321, 346
81371, 348
81421, 343
81471, 335
81521, 334
81571, 346
81620, 348
81671, 347
81721, 350
81771, 344
81821, 348
81870, 343
81921, 343
81971, 342
82021, 342
82071, 347
82120, 342
82170, 333
82221, 336
82271, 340
82321, 343
82371, 353
82420, 347
82470, 346
82521, 347
82571, 345
82621, 344
82670, 347
82720, 352
82770, 353
82821, 336
82871, 340
82920, 343
82970, 343
83020, 347
83070, 348
83121, 348
83170, 348
83220, 343
83270, 352
83320, 349
83371, 344
83420, 347
83470, 347
83520, 341
83570, 331
83620, 337
83671, 339
83720, 339
83770, 336
83820, 339
83870, 342
83920, 342
83970, 340
84020, 335
84070, 343
84120, 344
84170, 340
84219, 339
84270, 340
84320, 336
84370, 341
84420, 340
84469, 343
84519, 348
84570, 350
84620, 346
84670, 341
84720, 328
84769, 333
84819, 332
84870, 328
84920, 327
84970, 329
85019, 329
85069, 336
85120, 333
85170, 332
85220, 334
85269, 333
85319, 333
85369, 327
85420, 331
85470, 336
85519, 335
85569, 335
85619, 335
85669, 329
85720, 334
85770, 336
85819, 333
85869, 336
85919, 331
85969, 339
86020, 339
86069, 336
86119, 338
86169, 340
86219, 334
86269, 341
86319, 336
86369, 342
86419, 349
86469, 348
86519, 344
86568, 343
86619, 342
86669, 345
86719, 348
86769, 347
86818, 341
86868, 344
86919, 336
86969, 343
87019, 338
87069, 337
87118, 348
87169, 348
87219, 352
87269, 341
87319, 338
87368, 343
87418, 343
87469, 342
87519, 344
87569, 342
87618, 346
87668, 347
87718, 342
87769, 347
87819, 348
87868, 345
87918, 346
87968, 347
88018, 338
88069, 339
88119, 346
88168, 342
88218, 337
88268, 339
88318, 341
88369, 340
88418, 338
88468, 342
88518, 341
88568, 345
88619, 342
88668, 340
88718, 338
88768, 340
88818, 341
88868, 346
88918, 345
88968, 345
89018, 341
89068, 340
89118, 334
89167, 342
89218, 349
89268, 344
89318, 350
89368, 348
89418, 348
89467, 350
89518, 348
89568, 351
89618, 346
89668, 348
89717, 357
89767, 355
89818, 359
89868, 357
89918, 356
89967, 355
90017, 354
90067, 359
90118, 363
90168, 357
90217, 354
90267, 364
90317, 366
90368, 367
90418, 367
90468, 366
90517, 365
90567, 358
90617, 364
90668, 364
90718, 364
90767, 366
90817, 360
90867, 360
90917, 367
90968, 366
91017, 357
91067, 359
91117, 357
91167, 353
91217, 363
91267, 360
91317, 360
91367, 363
91417, 363
91467, 358
91516, 353
91567, 358
91617, 353
91667, 353
91717, 356
91767, 356
91816, 359
91867, 357
91917, 380
91967, 380
92017, 378
92066, 380
92116, 383
92167, 381
92217, 379
92267, 382
92316, 383
92366, 385
92417, 377
92467, 387
92517, 380
92566, 380
92616, 381
92666, 381
92717, 379
92767, 384
92817, 382
92866, 384
92916, 381
92966, 380
93017, 380
93067, 385
93116, 383
93166, 384
93216, 384
93266, 387
93317, 389
93366, 384
93416, 385
93466, 386
93516, 380
93566, 386
93616, 383
93666, 385
93716, 389
93766, 386
93816, 383
93865, 387
93916, 384
93966, 385
94016, 378
94066, 379
94116, 380
94166, 380
94216, 381
94266, 382
94316, 381
94366, 381
94415, 381
94466, 381
94516, 383
94566, 385
94616, 382
94665, 382
94715, 382
94766, 381
94816, 382
94866, 383
94915, 382
94965, 379
95015, 378
95066, 381
95116, 371
95166, 361
95215, 366
95265, 357
95315, 366
95366, 367
95416, 370
95465, 366
95515, 372
95565, 371
95616, 363
95666, 370
95715, 363
95765, 367
95815, 370
95865, 381
95916, 373
95965, 373
96015, 373
96065, 371
96115, 378
96165, 376
96215, 371
96265, 361
96315, 364
96365, 360
96415, 366
96465, 360
96515, 363
96565, 361
96615, 360
96665, 359
96715, 365
96764, 370
96815, 367
96865, 368
96915, 359
96965, 363
97014, 367
97064, 375
97115, 372
97165, 372
97215, 373
97264, 362
97314, 366
97364, 368
97415, 371
97465, 355
97515, 373
97564, 363
97614, 367
97665, 355
97715, 358
97765, 357
97814, 369
97864, 374
97914, 363
97965, 369
98015, 364
98064, 367
98114, 372
98164, 364
98214, 368
98265, 368
98314, 385
98364, 373
98414, 368
98464, 368
98514, 364
98565, 359
98614, 368
98664, 365
98714, 367
98764, 366
98814, 366
98864, 371
98914, 365
98964, 364
99014, 372
99064, 367
99113, 358
99164, 366
99214, 369
99264, 362
99314, 345
99363, 369
99414, 364
99464, 378
99514, 375
99564, 359
99613, 364
99663, 368
99714, 366
99764, 373
99814, 363
99864, 364
99913, 372
99963, 366
100014, 368
100068, 362
100122, 348
100176, 375
100230, 352
100284, 370
100338, 352
100392, 363
100447, 372
100501, 364
100555, 359
100610, 354
100663, 364
100717, 382
100771, 353
100826, 363
100880, 378
100934, 375
100988, 352
101043, 401
101096, 364
101150, 369
101204, 350
101259, 395
101313, 372
101367, 342
101422, 358
101476, 368
101529, 353
101583, 377
101638, 339
101692, 350
101746, 359
101800, 333
101855, 349
101909, 355
101962, 370
102017, 363
102071, 357
102125, 395
102179, 385
102234, 372
102288, 347
102342, 359
102395, 356
102450, 336
102504, 348
102558, 360
102612, 363
102667, 367
102721, 356
102775, 378
102830, 352
102883, 359
102937, 362
102991, 371
103046, 355
103100, 351
103154, 340
103208, 395
103263, 347
103316, 363
103370, 335
103425, 334
103479, 358
103533, 341
103587, 340
103642, 347
103696, 351
103749, 342
103803, 346
103858, 334
103912, 343
103966, 366
104020, 346
104075, 348
104129, 349
104182, 340
104237, 340
104291, 324
104345, 350
104399, 345
104454, 342
104508, 336
104562, 346
104615, 344
104670, 342
104724, 331
104778, 359
104833, 367
104887, 331
104941, 338
104995, 354
105049, 366
105103, 339
105157, 368
105211, 364
105266, 326
105320, 333
105374, 349
105428, 366
105482, 361
105536, 349
105590, 373
105645, 344
105699, 347
105753, 340
105807, 363
105862, 326
105915, 359
105969, 323
106023, 344
106078, 336
106132, 364
106186, 328
106241, 353
106295, 339
106348, 318
106402, 295
106457, 334
106511, 328
106565, 338
106619, 301
106674, 350
106728, 334
106781, 324
106835, 306
106890, 329
106944, 312
106998, 307
107053, 319
107107, 339
107161, 308
107214, 307
107269, 318
107323, 341
107377, 318
107431, 329
107486, 303
107540, 341
107594, 335
107648, 315
107702, 303
107756, 357
107810, 335
107865, 300
107919, 300
107973, 347
108027, 319
108081, 301
108135, 292
108189, 309
108243, 313
108298, 329
108352, 320
108406, 346
108461, 333
108514, 346
108568, 286
108622, 340
108677, 327
108731, 335
108785, 300
108839, 329
108894, 312
108947, 306
109001, 305
109056, 336
109110, 336
109164, 336
109218, 312
109273, 304
109327, 322
109380, 335
109434, 337
109489, 310
109543, 317
109597, 299
109651, 330
109706, 313
109760, 310
109814, 353
109868, 330
109922, 349
109976, 316
110030, 307
110085, 292
110139, 343
110193, 322
110247, 314
110301, 296
110355, 335
110409, 339
110464, 333
110518, 316
110572, 329
110626, 328
110681, 344
110734, 316
110788, 347
110842, 320
110897, 310
110951, 306
111005, 329
111059, 311
111114, 332
111167, 323
111221, 326
111276, 327
111330, 303
111384, 319
111438, 335
111493, 335
111547, 288
111600, 316
111654, 336
111709, 326
111763, 314
111817, 291
111872, 346
111926, 331
111980, 336
112033, 298
112088, 342
112142, 340
112196, 300
112250, 306
112305, 327
112359, 318
112413, 332
112466, 318
112521, 336
112575, 314
112629, 299
112684, 340
112738, 321
112792, 317
112846, 310
112900, 331
112954, 357
113008, 309
113062, 322
113117, 304
113171, 345
113225, 305
113280, 350
113333, 302
113387, 322
113441, 334
113496, 318
113550, 337
113604, 343
113658, 318
113713, 324
113766, 336
113820, 338
113874, 339
113929, 334
113983, 319
114037, 354
114092, 338
114146, 339
114199, 303
114253, 346
114308, 350
114362, 352
114416, 299
114470, 331
114525, 311
114579, 303
114632, 306
114686, 339
114741, 342
114795, 319
114849, 321
114904, 345
114958, 349
115012, 347
115065, 302
115120, 327
115174, 354
115228, 358
115282, 340
115337, 376
115391, 323
115445, 327
115499, 330
115553, 332
115607, 345
115661, 329
115716, 306
115770, 338
115824, 312
115878, 325
115932, 293
115986, 351
116040, 308
116094, 329
116149, 328
116203, 367
116257, 327
116312, 320
116365, 341
116419, 350
116473, 363
116528, 326
116582, 331
116636, 377
116690, 345
116745, 324
116799, 345
116852, 368
116907, 338
116961, 351
117015, 299
117069, 326
117124, 339
117178, 317
117232, 297
117285, 340
117340, 303
117394, 310
117448, 343
117502, 348
117557, 317
117611, 330
117665, 322
117719, 342
117773, 330
117827, 314
117881, 338
117936, 354
117990, 344
118044, 334
118098, 289
118152, 296
118206, 283
118260, 296
118315, 289
118369, 326
118423, 300
118477, 286
118532, 266
118585, 296
118639, 293
118693, 282
118748, 295
118802, 289
118856, 286
118910, 278
118965, 292
119018, 286
119072, 295
119127, 286
119181, 291
119235, 321
119289, 326
119344, 315
119398, 315
119451, 320
119505, 310
119560, 330
119614, 285
119668, 324
119723, 312
119777, 323
119831, 299
119884, 335
119939, 339
119993, 308
120047, 296
120101, 339
120156, 328
120210, 325
120264, 283
120317, 327
120372, 337
120426, 316
120480, 296
120535, 327
120589, 315
120643, 335
120697, 302
120751, 325
120805, 320
120859, 298
120913, 314
120968, 329
121022, 304
121076, 299
121131, 299
121184, 321
121238, 307
121292, 300
121347, 306
121401, 320
121455, 337
121509, 321
121564, 290
121617, 322
121671, 316
121725, 321
121780, 302
121834, 340
121888, 341
121943, 318
121997, 329
122050, 323
122104, 295
122159, 311
122213, 326
122267, 328
122321, 341
122376, 321
122430, 312
122483, 325
122537, 305
122592, 309
122646, 308
122700, 327
122755, 309
122809, 302
122863, 296
122916, 302
122971, 302
123025, 302
123079, 295
123133, 312
123188, 275
123242, 296
123296, 282
123350, 307
123404, 309
123458, 292
123512, 290
123567, 303
123621, 281
123675, 285
123729, 291
123784, 296
123837, 312
123891, 291
123945, 293
124000, 299
124054, 298
124108, 290
124163, 291
124217, 297
124270, 283
124324, 291
124379, 292
124433, 298
124487, 307
124541, 286
124596, 294
124650, 296
124703, 308
124758, 293
124812, 295
124866, 300
124920, 316
124975, 302
125029, 299
125083, 302
125136, 319
125191, 294
125245, 321
125299, 308
125353, 301
125408, 294
125462, 276
125516, 320
125570, 279
125624, 296
125678, 305
125732, 310
125787, 289
125841, 301
125895, 298
125949, 314
126003, 303
126057, 306
126111, 298
126166, 323
126220, 293
126274, 299
126328, 304
126383, 309
126436, 318
126490, 299
126544, 307
126599, 324
126653, 325
126707, 297
126761, 316
126816, 319
126869, 305
126923, 307
126978, 335
127032, 322
127086, 313
127140, 304
127195, 320
127249, 322
127302, 330
127356, 310
127411, 302
127465, 325
127519, 325
127574, 306
127628, 329
127682, 321
127735, 312
127790, 299
127844, 306
127898, 335
127952, 307
128007, 315
128061, 298
128115, 318
128168, 293
128223, 295
128277, 318
128331, 316
128386, 291
128440, 300
128494, 332
128548, 325
128602, 309
128656, 314
128710, 289
128764, 305
128819, 287
128873, 307
128927, 329
128982, 317
129035, 290
129089, 304
129143, 303
129198, 316
129252, 297
129306, 310
129360, 328
129415, 318
129468, 323
129522, 286
129576, 317
129631, 314
129685, 302
129739, 304
129794, 309
129848, 318
129901, 310
129955, 299
130010, 328
130064, 311
130118, 316
130172, 309
130227, 335
130281, 321
130334, 345
130388, 311
130443, 292
130497, 326
130551, 336
130606, 328
130660, 333
130714, 332
130768, 341
130822, 306
130876, 348
130930, 332
130984, 306
131039, 313
131093, 321
131147, 324
131202, 341
131255, 312
131309, 338
131363, 350
131418, 340
131472, 316
131526, 351
131580, 359
131635, 356
131688, 356
131742, 377
131796, 348
131851, 355
131905, 346
131959, 352
132014, 334
132068, 337
132121, 332
132175, 347
132230, 332
132284, 357
132338, 325
132392, 334
132447, 335
132501, 336
132554, 310
132609, 341
132663, 354
132717, 343