0, 358
0, 356
1, 355
1, 357
1, 353
2, 357
2, 363
2, 363
28, 357
66, 355
104, 366
145, 365
187, 371
229, 369
270, 375
312, 373
354, 376
395, 373
437, 382
479, 376
520, 376
562, 379
604, 381
645, 379
687, 385
729, 377
770, 379
812, 376
854, 381
894, 377
936, 386
978, 383
1019, 380
1065, 373
1112, 379
1158, 384
1203, 387
1249, 389
1295, 384
1341, 379
1386, 385
1432, 382
1478, 382
1524, 374
1569, 384
1615, 379
1661, 386
1708, 391
1753, 387
1799, 386
1845, 383
1890, 376
1936, 382
1982, 382
2028, 374
2073, 390
2119, 375
2165, 382
2211, 379
2256, 376
2302, 387
2349, 386
2395, 380
2440, 379
2486, 385
2532, 383
2578, 379
2623, 382
2669, 387
2715, 380
2761, 383
2806, 386
2852, 383
2898, 382
2945, 376
2990, 385
3036, 382
3082, 384
3127, 388
3173, 392
3219, 377
3265, 374
3310, 388
3356, 376
3402, 386
3448, 385
3493, 386
3539, 387
3586, 378
3632, 379
3677, 380
3723, 382
3769, 379
3815, 382
3860, 380
3906, 381
3952, 387
3998, 381
4043, 379
4089, 391
4135, 388
4182, 393
4227, 383
4273, 382
4319, 384
4365, 384
4410, 378
4456, 377
4502, 390
4547, 387
4593, 369
4639, 379
4685, 384
4730, 379
4776, 376
4823, 374
4869, 370
4914, 371
4960, 379
5006, 378
5052, 389
5097, 381
5143, 372
5189, 387
5235, 378
5280, 378
5326, 387
5372, 386
5419, 389
5464, 394
5510, 390
5556, 393
5602, 386
5647, 386
5693, 384
5739, 386
5784, 394
5830, 390
5876, 388
5922, 378
5967, 391
6013, 379
6060, 392
6106, 392
6151, 379
6197, 382
6243, 378
6289, 389
6334, 383
6380, 385
6426, 388
6472, 387
6517, 392
6563, 389
6609, 381
6656, 392
6701, 388
6747, 387
6793, 392
6839, 396
6884, 387
6930, 375
6976, 377
7021, 372
7067, 374
7113, 380
7159, 387
7204, 381
7250, 388
7297, 379
7343, 379
7388, 390
7434, 386
7480, 392
7526, 389
7571, 388
7617, 384
7663, 394
7709, 388
7754, 390
7800, 390
7846, 393
7892, 378
7938, 374
7984, 375
8030, 383
8076, 384
8121, 388
8167, 390
8213, 392
8259, 382
8304, 388
8350, 393
8396, 388
8441, 386
8487, 386
8534, 398
8580, 396
8625, 388
8671, 388
8717, 390
8763, 396
8808, 391
8854, 391
8900, 393
8946, 378
8991, 380
9037, 384
9083, 389
9129, 391
9175, 393
9221, 390
9267, 390
9313, 390
9358, 389
9404, 388
9450, 392
9496, 389
9541, 385
9587, 386
9633, 386
9678, 390
9724, 402
9771, 383
9817, 386
9862, 394
9908, 388
9954, 379
10000, 375
10049, 381
10099, 378
10149, 386
10200, 389
10250, 377
10300, 391
10349, 395
10399, 393
10449, 383
10500, 384
10550, 393
10599, 392
10649, 384
10699, 386
10749, 388
10800, 403
10849, 375
10899, 394
10949, 385
10999, 379
11049, 391
11099, 391
11149, 386
11199, 401
11249, 402
11299, 398
11350, 390
11399, 400
11449, 391
11499, 395
11549, 400
11599, 391
11649, 396
11699, 391
11749, 388
11799, 392
11849, 392
11898, 397
11949, 389
11999, 388
12049, 400
12099, 405
12148, 398
12198, 393
12249, 402
12299, 403
12349, 391
12398, 396
12448, 384
12498, 391
12549, 393
12599, 396
12649, 395
12698, 399
12748, 389
12798, 397
12849, 395
12899, 394
12948, 389
12998, 394
13048, 391
13099, 386
13149, 390
13198, 386
13248, 393
13298, 393
13348, 388
13399, 408
13448, 394
13498, 395
13548, 398
13598, 397
13648, 395
13699, 396
13748, 405
13798, 389
13848, 396
13898, 389
13948, 393
13998, 393
14048, 398
14098, 388
14148, 394
14198, 397
14247, 396
14298, 394
14348, 399
14398, 398
14448, 400
14497, 395
14547, 399
14598, 396
14648, 396
14698, 400
14747, 400
14797, 396
14848, 387
14898, 393
14948, 393
14998, 396
15047, 396
15097, 401
15148, 401
15198, 394
15248, 397
15297, 400
15347, 393
15397, 398
15448, 398
15498, 394
15547, 396
15597, 395
15647, 397
15697, 398
15748, 403
15797, 396
15847, 396
15897, 398
15947, 400
15997, 399
16048, 400
16097, 400
16147, 402
16197, 400
16247, 401
16297, 403
16347, 403
16397, 401
16447, 401
16497, 398
16547, 400
16596, 399
16647, 398
16697, 402
16747, 401
16797, 399
16846, 400
16897, 404
16947, 399
16997, 397
17047, 399
17096, 403
17146, 400
17197, 403
17247, 403
17297, 398
17347, 400
17396, 399
17446, 396
17497, 400
17547, 397
17597, 401
17646, 401
17696, 400
17746, 403
17797, 400
17847, 398
17896, 400
17946, 399
17996, 402
18046, 400
18097, 403
18146, 406
18196, 403
18246, 400
18296, 397
18347, 397
18397, 405
18446, 400
18496, 396
18546, 402
18596, 399
18647, 400
18696, 402
18746, 395
18796, 401
18846, 401
18896, 406
18946, 402
18996, 402
19046, 399
19096, 405
19146, 402
19195, 402
19246, 400
19296, 400
19346, 400
19396, 405
19445, 400
19495, 400
19546, 395
19596, 398
19646, 400
19696, 404
19745, 400
19795, 401
19846, 398
19896, 397
19946, 394
19995, 401
20045, 401
20096, 405
20146, 403
20196, 401
20245, 402
20295, 397
20345, 397
20396, 397
20446, 404
20495, 392
20545, 402
20595, 395
20645, 396
20696, 396
20746, 398
20795, 403
20845, 399
20895, 404
20945, 403
20996, 396
21045, 392
21095, 400
21145, 392
21195, 394
21245, 400
21295, 391
21345, 392
21395, 401
21445, 400
21495, 399
21544, 398
21595, 401
21645, 398
21695, 400
21745, 394
21795, 395
21844, 399
21895, 400
21945, 399
21995, 399
22045, 396
22094, 400
22145, 401
22195, 398
22245, 405
22295, 400
22344, 406
22394, 401
22445, 401
22495, 397
22545, 399
22594, 403
22644, 402
22694, 402
22745, 398
22795, 403
22844, 397
22894, 405
22944, 395
22994, 396
23045, 395
23095, 404
23144, 401
23194, 402
23244, 394
23294, 393
23345, 395
23394, 408
23444, 394
23494, 402
23544, 396
23595, 391
23644, 399
23694, 399
23744, 400
23794, 407
23844, 408
23894, 397
23944, 395
23994, 400
24044, 397
24094, 402
24144, 385
24194, 403
24244, 399
24294, 402
24344, 397
24394, 400
24443, 404
24494, 390
24544, 402
24594, 405
24644, 396
24693, 398
24743, 400
24794, 398
24844, 401
24894, 404
24943, 403
24993, 390
25043, 409
25094, 395
25144, 402
25193, 404
25243, 393
25293, 397
25344, 400
25394, 400
25444, 400
25493, 398
25543, 410
25593, 407
25644, 403
25694, 402
25743, 412
25793, 403
25843, 400
25893, 398
25944, 406
25993, 397
26043, 407
26093, 401
26143, 409
26193, 403
26243, 402
26293, 412
26343, 403
26393, 405
26443, 408
26493, 412
26543, 406
26593, 402
26643, 411
26693, 407
26743, 399
26792, 401
26843, 400
26893, 396
26943, 397
26993, 403
27042, 401
27092, 411
27143, 409
27193, 405
27243, 409
27292, 404
27342, 403
27393, 398
27443, 403
27493, 405
27542, 398
27592, 405
27642, 399
27693, 403
27743, 410
27793, 410
27842, 404
27892, 407
27942, 412
27993, 409
28043, 402
28092, 408
28142, 405
28192, 403
28242, 407
28293, 397
28342, 405
28392, 407
28442, 404
28492, 399
28542, 408
28592, 399
28642, 405
28692, 402
28742, 407
28792, 415
28843, 416
28892, 408
28942, 414
28992, 398
29042, 411
29092, 416
29142, 406
29192, 400
29242, 405
29292, 398
29342, 398
29391, 407
29442, 407
29492, 402
29542, 408
29592, 410
29641, 410
29691, 408
29742, 403
29792, 406
29842, 419
29891, 414
29941, 410
29991, 407
30042, 406
30092, 406
30142, 407
30191, 415
30241, 400
30291, 400
30342, 413
30392, 408
30441, 415
30491, 406
30541, 409
30592, 403
30642, 400
30691, 407
30741, 405
30791, 414
30841, 409
30892, 403
30941, 408
30991, 400
31041, 404
31091, 408
31141, 399
31192, 408
31241, 403
31291, 412
31341, 402
31391, 407
31441, 393
31491, 400
31541, 400
31591, 401
31641, 401
31691, 394
31740, 404
31791, 401
31841, 405
31891, 397
31941, 404
31990, 396
32040, 406
32091, 410
32141, 399
32191, 405
32240, 396
32290, 396
32340, 399
32391, 405
32441, 400
32491, 406
32540, 396
32590, 400
32641, 406
32691, 407
32741, 406
32790, 400
32840, 399
32890, 411
32941, 410
32991, 411
33040, 411
33090, 405
33140, 403
33190, 403
33241, 401
33290, 402
33340, 406
33390, 397
33440, 403
33490, 404
33541, 394
33590, 408
33640, 404
33690, 402
33740, 403
33790, 397
33840, 404
33890, 405
33940, 395
33990, 398
34040, 398
34089, 402
34140, 393
34190, 400
34240, 402
34290, 393
34339, 390
34390, 395
34440, 394
34490, 394
34540, 402
34590, 399
34639, 398
34690, 403
34740, 405
34790, 403
34840, 409
34889, 399
34939, 409
34990, 407
35040, 404
35090, 408
35139, 405
35189, 395
35239, 406
35290, 414
35340, 409
35389, 404
35439, 393
35489, 406
35539, 410
35590, 403
35639, 405
35689, 409
35739, 405
35789, 412
35840, 399
35890, 410
35939, 404
35989, 418
36039, 421
36089, 412
36140, 412
36189, 403
36239, 407
36289, 404
36339, 401
36389, 400
36439, 403
36489, 395
36539, 405
36589, 403
36639, 400
36688, 408
36739, 396
36789, 396
36839, 406
36889, 405
36939, 402
36988, 391
37039, 404
37089, 403
37139, 408
37189, 410
37238, 405
37288, 401
37339, 404
37389, 415
37439, 408
37488, 404
37538, 408
37588, 407
37639, 415
37689, 414
37738, 409
37788, 401
37838, 402
37889, 401
37939, 405
37988, 411
38038, 408
38088, 401
38138, 412
38189, 404
38239, 405
38288, 400
38338, 408
38388, 398
38438, 399
38489, 400
38538, 403
38588, 407
38638, 403
38688, 392
38738, 406
38788, 413
38838, 407
38888, 400
38938, 414
38988, 413
39037, 404
39088, 416
39138, 397
39188, 399
39238, 402
39288, 412
39337, 405
39388, 407
39438, 412
39488, 406
39538, 403
39587, 404
39638, 406
39688, 403
39738, 409
39788, 396
39837, 404
39887, 405
39938, 404
39988, 403
40038, 405
40087, 403
40137, 409
40187, 408
40238, 412
40288, 417
40337, 406
40387, 405
40437, 400
40487, 409
40538, 408
40588, 398
40637, 406
40687, 405
40737, 413
40787, 404
40838, 410
40887, 406
40937, 405
40987, 406
41037, 408
41088, 403
41137, 408
41187, 404
41237, 405
41287, 408
41337, 411
41387, 416
41437, 408
41487, 409
41537, 409
41587, 393
41637, 404
41687, 409
41737, 415
41787, 411
41837, 409
41887, 404
41936, 403
41987, 404
42037, 408
42087, 413
42137, 410
42186, 407
42236, 410
42287, 411
42337, 408
42387, 404
42436, 405
42486, 407
42536, 405
42587, 403
42637, 408
42686, 403
42736, 410
42786, 404
42836, 406
42887, 409
42937, 411
42986, 401
43036, 409
43086, 413
43137, 409
43187, 407
43236, 405
43286, 407
43336, 419
43386, 407
43437, 401
43486, 403
43536, 403
43586, 403
43636, 412
43686, 412
43736, 409
43786, 403
43836, 404
43886, 407
43936, 404
43986, 411
44036, 409
44086, 411
44136, 408
44186, 408
44236, 408
44285, 407
44336, 407
44386, 409
44436, 403
44486, 401
44535, 410
44585, 406
44636, 406
44686, 407
44736, 406
44785, 405
44835, 411
44886, 409
44936, 408
44986, 404
45035, 406
45085, 408
45135, 411
45186, 411
45236, 408
45286, 406
45335, 403
45385, 406
45435, 407
45486, 402
45536, 407
45585, 405
45635, 400
45685, 408
45735, 403
45786, 402
45835, 408
45885, 405
45935, 402
45985, 408
46035, 408
46085, 410
46135, 407
46185, 407
46235, 404
46285, 406
46336, 406
46385, 408
46435, 403
46485, 407
46535, 408
46585, 405
46635, 407
46685, 406
46735, 406
46785, 408
46835, 402
46884, 408
46935, 410
46985, 409
47035, 408
47085, 410
47134, 402
47184, 405
47235, 406
47285, 412
47335, 410
47385, 405
47434, 401
47484, 409
47535, 412
47585, 410
47635, 409
47684, 411
47734, 416
47784, 406
47835, 409
47885, 408
47934, 406
47984, 409
48034, 405
48084, 411
48135, 410
48184, 412
48234, 410
48284, 408
48334, 412
48385, 409
48434, 409
48484, 405
48534, 407
48584, 409
48634, 405
48685, 404
48734, 416
48784, 397
48834, 404
48884, 406
48934, 403
48984, 408
49034, 406
49084, 409
49134, 407
49184, 412
49233, 411
49284, 413
49334, 408
49384, 409
49434, 406
49483, 411
49533, 405
49584, 405
49634, 405
49684, 407
49734, 412
49783, 406
49833, 411
49884, 404
49934, 403
49984, 410
50033, 409
50083, 404
50134, 411
50184, 404
50234, 414
50283, 413
50333, 412
50383, 413
50434, 411
50484, 406
50533, 406
50583, 413
50633, 405
50683, 408
50734, 403
50783, 407
50833, 408
50883, 403
50933, 403
50983, 412
51034, 410
51083, 406
51133, 407
51183, 403
51233, 406
51283, 400
51333, 409
51383, 403
51433, 405
51483, 411
51533, 410
51582, 397
51633, 409
51683, 415
51733, 406
51783, 401
51832, 406
51883, 407
51933, 405
51983, 402
52033, 414
52083, 405
52132, 399
52183, 414
52233, 408
52283, 408
52333, 411
52382, 411
52432, 407
52483, 410
52533, 420
52583, 405
52632, 408
52682, 407
52732, 403
52783, 412
52833, 417
52882, 411
52932, 403
52982, 414
53032, 411
53083, 404
53132, 412
53182, 409
53232, 411
53282, 400
53332, 413
53383, 410
53432, 407
53482, 416
53532, 408
53582, 409
53633, 409
53682, 411
53732, 414
53782, 403
53832, 409
53882, 406
53932, 406
53982, 403
54032, 403
54082, 407
54132, 416
54181, 413
54232, 412
54282, 416
54332, 408
54382, 414
54432, 414
54481, 402
54532, 397
54582, 403
54632, 397
54682, 402
54731, 409
54781, 399
54832, 406
54882, 406
54932, 409
54981, 416
55031, 404
55081, 403
55132, 413
55182, 402
55231, 416
55281, 395
55331, 398
55382, 405
55432, 407
55481, 411
55531, 414
55581, 413
55631, 407
55682, 403
55732, 409
55781, 418
55831, 409
55881, 409
55931, 415
55982, 411
56031, 399
56081, 406
56131, 402
56181, 406
56231, 416
56281, 406
56331, 408
56381, 404
56431, 403
56481, 419
56530, 400
56581, 398
56631, 401
56681, 405
56731, 406
56781, 400
56830, 396
56881, 399
56931, 410
56981, 413
57031, 410
57080, 408
57131, 400
57181, 406
57231, 399
57281, 399
57330, 408
57380, 414
57431, 405
57481, 401
57531, 401
57580, 404
57630, 408
57680, 410
57731, 409
57781, 402
57830, 406
57880, 402
57930, 404
57980, 412
58031, 400
58081, 405
58130, 405
58180, 408
58230, 408
58280, 413
58331, 410
58380, 409
58430, 402
58480, 400
58530, 400
58580, 401
58630, 401
58680, 409
58730, 408
58780, 410
58830, 406
58880, 406
58930, 417
58980, 422
59030, 405
59080, 385
59130, 384
59180, 386
59230, 351
59280, 373
59330, 396
59380, 401
59429, 398
59480, 385
59530, 386
59580, 389
59630, 410
59679, 414
59729, 387
59780, 398
59830, 386
59880, 395
59929, 396
59979, 404
60029, 414
60080, 401
60130, 392
60180, 405
60229, 397
60279, 404
60329, 398
60380, 399
60430, 379
60479, 345
60529, 321
60579, 325
60630, 285
60680, 241
60729, 288
60779, 276
60829, 289
60879, 273
60930, 274
60979, 284
61029, 276
61079, 297
61129, 288
61179, 294
61229, 304
61279, 272
61329, 316
61379, 319
61429, 342
61479, 366
61529, 371
61579, 377
61629, 350
61679, 368
61729, 362
61778, 386
61829, 384
61879, 379
61929, 385
61979, 393
62028, 384
62078, 370
62129, 313
62179, 323
62229, 313
62278, 315
62328, 323
62379, 269
62429, 256
62479, 275
62529, 295
62578, 276
62628, 244
62679, 302
62729, 266
62779, 272
62828, 267
62878, 285
62928, 280
62979, 284
63029, 288
63078, 290
63128, 298
63178, 289
63228, 305
63279, 297
63328, 283
63378, 292
63428, 297
63478, 292
63528, 300
63578, 295
63628, 291
63678, 302
63728, 292
63778, 291
63828, 304
63878, 302
63928, 308
63978, 313
64028, 300
64078, 297
64128, 306
64178, 297
64228, 296
64278, 304
64328, 309
64377, 321
64428, 313
64478, 334
64528, 331
64578, 336
64627, 313
64677, 333
64728, 340
64778, 331
64828, 338
64878, 339
64927, 360
64977, 367
65028, 365
65078, 357
65128, 373
65177, 381
65227, 374
65277, 376
65328, 379
65378, 387
65427, 388
65477, 387
65527, 388
65577, 389
65628, 388
65677, 383
65727, 386
65777, 388
65827, 375
65878, 369
65927, 382
65977, 389
66027, 399
66077, 381
66127, 384
66178, 371
66227, 380
66277, 386
66327, 381
66377, 379
66427, 380
66477, 378
66527, 384
66577, 382
66627, 383
66677, 386
66726, 383
66777, 384
66827, 377
66877, 386
66927, 389
66976, 379
67026, 384
67077, 378
67127, 379
67177, 376
67227, 379
67276, 388
67326, 367
67377, 341
67427, 304
67477, 317
67526, 326
67576, 305
67627, 305
67677, 295
67727, 307
67776, 327
67826, 356
67876, 323
67927, 299
67977, 308
68026, 260
68076, 249
68126, 221
68176, 236
68227, 247
68276, 250
68326, 229
68376, 213
68426, 217
68476, 237
68527, 225
68576, 226
68626, 245
68676, 261
68726, 256
68776, 275
68826, 277
68876, 273
68926, 277
68976, 262
69026, 296
69075, 291
69126, 284
69176, 300
69226, 302
69276, 303
69325, 320
69376, 297
69426, 296
69476, 300
69526, 298
69576, 307
69625, 313
69676, 320
69726, 304
69776, 323
69826, 315
69875, 313
69925, 304
69976, 319
70026, 297
70076, 292
70125, 296
70175, 308
70225, 335
70276, 317
70326, 293
70375, 293
70425, 299
70475, 298
70525, 300
70576, 297
70625, 321
70675, 322
70725, 305
70775, 316
70825, 297
70876, 309
70925, 309
70975, 315
71025, 316
71075, 317
71126, 317
71175, 322
71225, 315
71275, 316
71325, 320
71375, 312
71425, 321
71475, 332
71525, 302
71575, 296
71625, 315
71674, 314
71725, 305
71775, 289
71825, 295
71875, 301
71925, 302
71974, 300
72025, 322
72075, 303
72125, 320
72175, 285
72224, 313
72274, 294
72325, 315
72375, 310
72425, 302
72474, 310
72524, 316
72574, 311
72625, 305
72675, 319
72724, 300
72774, 302
72824, 319
72875, 314
72925, 306
72975, 300
73024, 309
73074, 320
73124, 299
73175, 311
73225, 297
73274, 301
73324, 296
73374, 307
73424, 311
73475, 306
73524, 314
73574, 308
73624, 312
73674, 313
73724, 312
73774, 315
73824, 306
73874, 309
73924, 307
73974, 306
74023, 312
74074, 304
74124, 310
74174, 309
74224, 313
74274, 327
74323, 319
74374, 329
74424, 315
74474, 310
74524, 315
74573, 307
74624, 314
74674, 306
74724, 333
74774, 312
74823, 308
74873, 309
74924, 316
74974, 308
75024, 314
75073, 316
75123, 320
75173, 313
75224, 311
75274, 324
75324, 331
75373, 317
75423, 318
75473, 319
75524, 315
75574, 321
75623, 313
75673, 325
75723, 315
75773, 306
75824, 318
75873, 318
75923, 317
75973, 312
76023, 321
76073, 317
76123, 322
76173, 313
76223, 315
76273, 314
76323, 311
76372, 313
76423, 312
76473, 319
76523, 319
76573, 322
76623, 313
76673, 325
76723, 318
76773, 320
76823, 318
76873, 316
76922, 323
76973, 324
77023, 315
77073, 317
77123, 321
77172, 320
77222, 323
77273, 336
77323, 324
77373, 323
77422, 316
77472, 343
77522, 345
77573, 312
77623, 325
77673, 320
77722, 337
77772, 339
77822, 324
77873, 324
77923, 337
77972, 317
78022, 324
78072, 338
78123, 334
78173, 327
78222, 330
78272, 325
78322, 325
78372, 325
78423, 322
78472, 320
78522, 321
78572, 321
78622, 315
78672, 320
78722, 329
78772, 317
78822, 318
78872, 317
78922, 320
78972, 320
79022, 316
79072, 319
79122, 317
79172, 320
79222, 317
79271, 316
79322, 316
79372, 312
79422, 313
79472, 316
79521, 308
79571, 311
79622, 321
79672, 313
79722, 321
79771, 318
79821, 312
79872, 318
79922, 328
79972, 327
80022, 315
80071, 325
80121, 318
80172, 321
80222, 320
80272, 324
80321, 324
80371, 323
80421, 322
80472, 318
80522, 318
80571, 318
80621, 323
80671, 325
80721, 309
80772, 313
80821, 320
80871, 328
80921, 323
80971, 322
81021, 314
81071, 309
81121, 309
81171, 323
81221, 329
81271, 299
81321, 307
81371, 305
81421, 315
81471, 319
81521, 322
81571, 312
81620, 311
81671, 338
81721, 302
81771, 323
81821, 318
81870, 324
81921, 307
81971, 327
82021, 322
82071, 328
82120, 323
82170, 329
82221, 327
82271, 328
82321, 335
82371, 328
82420, 327
82470, 333
82521, 315
82571, 321
82621, 308
82670, 320
82720, 310
82770, 334
82821, 303
82871, 311
82920, 320
82970, 313
83020, 324
83070, 311
83121, 323
83170, 313
83220, 334
83270, 320
83320, 322
83371, 322
83420, 317
83470, 318
83520, 314
83570, 313
83620, 309
83671, 325
83720, 325
83770, 311
83820, 319
83870, 310
83920, 325
83970, 310
84020, 320
84070, 316
84120, 315
84170, 310
84219, 321
84270, 312
84320, 329
84370, 331
84420, 297
84469, 344
84519, 299
84570, 339
84620, 324
84670, 321
84720, 328
84769, 330
84819, 340
84870, 311
84920, 325
84970, 328
85019, 320
85069, 326
85120, 306
85170, 336
85220, 325
85269, 322
85319, 310
85369, 330
85420, 325
85470, 336
85519, 308
85569, 318
85619, 308
85669, 326
85720, 330
85770, 303
85819, 309
85869, 304
85919, 329
85969, 311
86020, 303
86069, 330
86119, 310
86169, 335
86219, 341
86269, 343
86319, 299
86369, 313
86419, 303
86469, 297
86519, 311
86568, 308
86619, 328
86669, 311
86719, 325
86769, 331
86818, 320
86868, 315
86919, 313
86969, 331
87019, 329
87069, 332
87118, 333
87169, 335
87219, 316
87269, 308
87319, 318
87368, 327
87418, 321
87469, 320
87519, 326
87569, 324
87618, 329
87668, 314
87718, 316
87769, 327
87819, 320
87868, 320
87918, 313
87968, 318
88018, 311
88069, 324
88119, 324
88168, 315
88218, 308
88268, 316
88318, 319
88369, 328
88418, 305
88468, 320
88518, 306
88568, 326
88619, 331
88668, 313
88718, 321
88768, 317
88818, 315
88868, 316
88918, 311
88968, 322
89018, 317
89068, 318
89118, 319
89167, 315
89218, 324
89268, 319
89318, 320
89368, 318
89418, 317
89467, 316
89518, 326
89568, 321
89618, 305
89668, 311
89717, 334
89767, 317
89818, 317
89868, 317
89918, 315
89967, 298
90017, 318
90067, 321
90118, 310
90168, 312
90217, 327
90267, 315
90317, 320
90368, 311
90418, 318
90468, 314
90517, 306
90567, 314
90617, 319
90668, 314
90718, 313
90767, 314
90817, 318
90867, 312
90917, 307
90968, 320
91017, 312
91067, 303
91117, 311
91167, 314
91217, 320
91267, 315
91317, 322
91367, 320
91417, 313
91467, 313
91516, 317
91567, 322
91617, 323
91667, 307
91717, 311
91767, 316
91816, 315
91867, 315
91917, 312
91967, 313
92017, 309
92066, 313
92116, 304
92167, 314
92217, 317
92267, 318
92316, 311
92366, 315
92417, 317
92467, 315
92517, 315
92566, 322
92616, 308
92666, 312
92717, 317
92767, 306
92817, 314
92866, 306
92916, 302
92966, 304
93017, 307
93067, 311
93116, 311
93166, 311
93216, 306
93266, 318
93317, 312
93366, 309
93416, 316
93466, 312
93516, 312
93566, 312
93616, 312
93666, 307
93716, 314
93766, 312
93816, 313
93865, 306
93916, 309
93966, 314
94016, 311
94066, 310
94116, 306
94166, 313
94216, 306
94266, 317
94316, 312
94366, 312
94415, 313
94466, 312
94516, 312
94566, 307
94616, 306
94665, 309
94715, 310
94766, 304
94816, 310
94866, 304
94915, 304
94965, 305
95015, 310
95066, 309
95116, 305
95166, 314
95215, 314
95265, 310
95315, 309
95366, 309
95416, 311
95465, 311
95515, 313
95565, 311
95616, 313
95666, 310
95715, 308
95765, 311
95815, 310
95865, 306
95916, 306
95965, 309
96015, 306
96065, 308
96115, 305
96165, 311
96215, 310
96265, 306
96315, 308
96365, 311
96415, 308
96465, 308
96515, 305
96565, 309
96615, 311
96665, 305
96715, 311
96764, 309
96815, 312
96865, 306
96915, 308
96965, 307
97014, 305
97064, 312
97115, 307
97165, 305
97215, 306
97264, 306
97314, 312
97364, 310
97415, 306
97465, 314
97515, 305
97564, 306
97614, 306
97665, 313
97715, 310
97765, 310
97814, 315
97864, 304
97914, 309
97965, 312
98015, 300
98064, 303
98114, 301
98164, 312
98214, 308
98265, 307
98314, 309
98364, 312
98414, 304
98464, 304
98514, 305
98565, 311
98614, 312
98664, 306
98714, 313
98764, 311
98814, 307
98864, 311
98914, 313
98964, 311
99014, 309
99064, 316
99113, 307
99164, 308
99214, 309
99264, 305
99314, 308
99363, 303
99414, 304
99464, 308
99514, 306
99564, 301
99613, 306
99663, 311
99714, 310
99764, 305
99814, 312
99864, 302
99913, 308
99963, 296
100014, 305
100068, 308
100122, 314
100176, 309
100230, 310
100284, 320
100338, 313
100392, 318
100447, 310
100501, 308
100555, 310
100610, 318
100663, 313
100717, 313
100771, 316
100826, 306
100880, 306
100934, 307
100988, 310
101043, 320
101096, 306
101150, 308
101204, 309
101259, 313
101313, 308
101367, 307
101422, 309
101476, 306
101529, 304
101583, 318
101638, 315
101692, 314
101746, 306
101800, 307
101855, 315
101909, 313
101962, 309
102017, 315
102071, 317
102125, 308
102179, 310
102234, 312
102288, 315
102342, 310
102395, 312
102450, 308
102504, 309
102558, 323
102612, 305
102667, 319
102721, 316
102775, 310
102830, 303
102883, 322
102937, 314
102991, 310
103046, 304
103100, 317
103154, 309
103208, 312
103263, 308
103316, 303
103370, 299
103425, 322
103479, 308
103533, 315
103587, 313
103642, 310
103696, 307
103749, 316
103803, 313
103858, 324
103912, 307
103966, 315
104020, 314
104075, 320
104129, 313
104182, 310
104237, 312
104291, 303
104345, 311
104399, 310
104454, 311
104508, 303
104562, 303
104615, 311
104670, 316
104724, 320
104778, 312
104833, 320
104887, 308
104941, 322
104995, 316
105049, 323
105103, 312
105157, 314
105211, 311
105266, 314
105320, 307
105374, 315
105428, 314
105482, 306
105536, 311
105590, 315
105645, 312
105699, 313
105753, 314
105807, 317
105862, 304
105915, 316
105969, 303
106023, 308
106078, 303
106132, 318
106186, 305
106241, 314
106295, 314
106348, 314
106402, 320
106457, 314
106511, 302
106565, 313
106619, 321
106674, 312
106728, 318
106781, 313
106835, 309
106890, 315
106944, 308
106998, 321
107053, 313
107107, 316
107161, 313
107214, 313
107269, 323
107323, 313
107377, 312
107431, 317
107486, 310
107540, 314
107594, 311
107648, 317
107702, 315
107756, 312
107810, 315
107865, 319
107919, 308
107973, 305
108027, 314
108081, 309
108135, 308
108189, 306
108243, 300
108298, 304
108352, 311
108406, 306
108461, 306
108514, 314
108568, 309
108622, 317
108677, 297
108731, 310
108785, 320
108839, 314
108894, 309
108947, 312
109001, 308
109056, 309
109110, 308
109164, 314
109218, 316
109273, 321
109327, 299
109380, 324
109434, 316
109489, 314
109543, 310
109597, 321
109651, 315
109706, 312
109760, 310
109814, 315
109868, 304
109922, 314
109976, 314
110030, 317
110085, 315
110139, 308
110193, 313
110247, 324
110301, 304
110355, 306
110409, 316
110464, 318
110518, 315
110572, 313
110626, 307
110681, 312
110734, 314
110788, 317
110842, 308
110897, 311
110951, 307
111005, 312
111059, 316
111114, 313
111167, 297
111221, 313
111276, 311
111330, 317
111384, 320
111438, 320
111493, 307
111547, 318
111600, 321
111654, 315
111709, 311
111763, 322
111817, 318
111872, 313
111926, 323
111980, 316
112033, 319
112088, 320
112142, 318
112196, 328
112250, 310
112305, 317
112359, 313
112413, 327
112466, 328
112521, 323
112575, 328
112629, 331
112684, 310
112738, 322
112792, 321
112846, 325
112900, 315
112954, 318
113008, 321
113062, 305
113117, 321
113171, 316
113225, 321
113280, 314
113333, 315
113387, 318
113441, 311
113496, 321
113550, 314
113604, 313
113658, 312
113713, 326
113766, 325
113820, 318
113874, 316
113929, 325
113983, 316
114037, 316
114092, 300
114146, 320
114199, 319
114253, 317
114308, 321
114362, 314
114416, 319
114470, 311
114525, 315
114579, 316
114632, 305
114686, 305
114741, 310
114795, 319
114849, 331
114904, 313
114958, 309
115012, 311
115065, 322
115120, 308
115174, 305
115228, 320
115282, 320
115337, 308
115391, 302
115445, 323
115499, 317
115553, 316
115607, 311
115661, 322
115716, 324
115770, 313
115824, 319
115878, 318
115932, 305
115986, 317
116040, 314
116094, 323
116149, 299
116203, 312
116257, 313
116312, 330
116365, 308
116419, 309
116473, 313
116528, 335
116582, 329
116636, 321
116690, 302
116745, 327
116799, 316
116852, 308
116907, 322
116961, 320
117015, 314
117069, 319
117124, 314
117178, 315
117232, 315
117285, 317
117340, 322
117394, 322
117448, 317
117502, 312
117557, 318
117611, 320
117665, 310
117719, 316
117773, 316
117827, 315
117881, 321
117936, 313
117990, 321
118044, 314
118098, 306
118152, 316
118206, 312
118260, 319
118315, 313
118369, 314
118423, 315
118477, 320
118532, 307
118585, 311
118639, 311
118693, 318
118748, 318
118802, 311
118856, 315
118910, 313
118965, 309
119018, 307
119072, 326
119127, 316
119181, 307
119235, 305
119289, 328
119344, 317
119398, 313
119451, 313
119505, 305
119560, 314
119614, 313
119668, 313
119723, 314
119777, 329
119831, 314
119884, 310
119939, 317
119993, 316
120047, 320
120101, 308
120156, 308
120210, 313
120264, 308
120317, 309
120372, 311
120426, 309
120480, 316
120535, 305
120589, 311
120643, 324
120697, 320
120751, 313
120805, 315
120859, 317
120913, 311
120968, 318
121022, 307
121076, 309
121131, 314
121184, 307
121238, 311
121292, 309
121347, 313
121401, 310
121455, 314
121509, 310
121564, 299
121617, 292
121671, 313
121725, 321
121780, 316
121834, 310
121888, 310
121943, 316
121997, 309
122050, 317
122104, 311
122159, 319
122213, 324
122267, 304
122321, 319
122376, 317
122430, 312
122483, 308
122537, 314
122592, 313
122646, 306
122700, 305
122755, 316
122809, 316
122863, 323
122916, 317
122971, 318
123025, 316
123079, 315
123133, 313
123188, 318
123242, 316
123296, 317
123350, 317
123404, 314
123458, 308
123512, 304
123567, 310
123621, 312
123675, 318
123729, 315
123784, 300
123837, 313
123891, 310
123945, 319
124000, 314
124054, 314
124108, 322
124163, 320
124217, 315
124270, 318
124324, 327
124379, 313
124433, 311
124487, 321
124541, 325
124596, 316
124650, 312
124703, 319
124758, 310
124812, 304
124866, 302
124920, 326
124975, 317
125029, 304
125083, 303
125136, 311
125191, 318
125245, 310
125299, 304
125353, 319
125408, 315
125462, 310
125516, 320
125570, 327
125624, 308
125678, 321
125732, 311
125787, 311
125841, 317
125895, 307
125949, 313
126003, 319
126057, 319
126111, 312
126166, 310
126220, 315
126274, 319
126328, 322
126383, 309
126436, 316
126490, 313
126544, 316
126599, 316
126653, 318
126707, 312
126761, 316
126816, 301
126869, 304
126923, 318
126978, 313
127032, 314
127086, 316
127140, 316
127195, 316
127249, 320
127302, 319
127356, 322
127411, 316
127465, 317
127519, 319
127574, 312
127628, 318
127682, 318
127735, 315
127790, 317
127844, 317
127898, 315
127952, 307
128007, 314
128061, 308
128115, 314
128168, 318
128223, 332
128277, 317
128331, 319
128386, 319
128440, 320
128494, 319
128548, 312
128602, 325
128656, 321
128710, 320
128764, 324
128819, 326
128873, 316
128927, 317
128982, 322
129035, 315
129089, 308
129143, 324
129198, 312
129252, 323
129306, 324
129360, 317
129415, 331
129468, 324
129522, 319
129576, 319
129631, 320
129685, 325
129739, 325
129794, 323
129848, 316
129901, 322
129955, 328
130010, 323
130064, 315
130118, 317
130172, 315
130227, 309
130281, 321
130334, 326
130388, 329
130443, 323
130497, 308
130551, 322
130606, 321
130660, 315
130714, 323
130768, 323
130822, 311
130876, 312
130930, 322
130984, 323
131039, 309
131093, 313
131147, 323
131202, 317
131255, 307
131309, 319
131363, 312
131418, 322
131472, 315
131526, 320
131580, 319
131635, 322
131688, 321
131742, 317
131796, 331
131851, 320
131905, 330
131959, 320
132014, 330
132068, 321
132121, 323
132175, 316
132230, 315
132284, 322
132338, 328
132392, 318
132447, 314
132501, 327
132554, 330
132609, 313
132663, 320
132717, 321
132771, 328
132826, 315
132880, 317
132934, 322
132987, 327
133042, 319
133096, 320
133150, 320
133204, 327
133259, 320
133313, 312
133367, 323
133421, 318
133475, 319
133529, 318
133583, 324
133638, 319
133692, 319
133746, 323
133800, 318
133854, 325
133908, 316
133962, 314
134017, 322
134071, 322
134125, 319
134179, 316
134234, 318
134287, 322
134341, 318
134395, 312
134450, 322
134504, 321
134558, 316
134612, 326
134667, 321
134720, 324
134774, 316
134829, 319
134883, 322
134937, 318
134991, 318
135046, 326
135100, 316
135153, 323
135207, 317
135262, 325
135316, 323
135370, 319
135425, 324
135479, 313
135533, 317
135586, 323
135641, 315
135695, 322
135749, 323
135803, 325
135858, 323
135912, 324
135966, 318
136019, 325
136074, 326
136128, 323
136182, 326
136237, 324
136291, 318
136345, 316
136399, 322
136453, 317
136507, 314
136561, 321
136615, 327
136670, 327
136724, 322
136778, 329
136833, 323
136886, 325
136940, 316
136994, 313
137049, 321
137103, 324
137157, 313
137211, 314
137266, 323
137319, 302
137373, 315
137427, 330
137482, 321
137536, 326
137590, 310
137645, 305
137699, 327
137753, 334
137806, 312
137861, 323
137915, 314
137969, 326
138023, 305
138078, 331
138132, 319
138186, 315
138240, 319
138294, 315
138348, 323
138402, 305
138457, 308
138511, 312
138565, 316
138619, 316
138673, 305
138727, 308
138781, 308
138835, 307
138890, 308
138944, 313
138998, 318
139053, 312
139106, 309
139160, 336
139214, 318
139269, 317
139323, 300
139377, 311
139431, 317
139486, 329
139539, 312
139593, 329
139648, 319
139702, 320
139756, 308
139810, 310
