0, 364
0, 351
1, 353
1, 352
1, 353
2, 364
2, 357
2, 352
28, 332
66, 352
104, 331
145, 328
187, 359
229, 331
270, 346
312, 344
354, 337
395, 349
437, 357
479, 326
520, 344
562, 337
604, 340
645, 339
687, 345
729, 343
770, 356
812, 355
854, 339
894, 344
936, 347
978, 351
1019, 332
1065, 356
1112, 348
1158, 352
1203, 332
1249, 346
1295, 343
1341, 340
1386, 347
1432, 340
1478, 350
1524, 350
1569, 347
1615, 355
1661, 355
1708, 352
1753, 343
1799, 348
1845, 345
1890, 354
1936, 342
1982, 348
2028, 333
2073, 347
2119, 343
2165, 348
2211, 342
2256, 346
2302, 354
2349, 351
2395, 343
2440, 345
2486, 342
2532, 351
2578, 340
2623, 347
2669, 350
2715, 349
2761, 356
2806, 342
2852, 343
2898, 354
2945, 348
2990, 346
3036, 357
3082, 350
3127, 339
3173, 348
3219, 351
3265, 353
3310, 351
3356, 347
3402, 353
3448, 347
3493, 344
3539, 350
3586, 351
3632, 347
3677, 352
3723, 342
3769, 352
3815, 350
3860, 345
3906, 346
3952, 348
3998, 350
4043, 343
4089, 347
4135, 349
4182, 352
4227, 351
4273, 345
4319, 352
4365, 353
4410, 354
4456, 345
4502, 352
4547, 349
4593, 351
4639, 350
4685, 349
4730, 350
4776, 339
4823, 348
4869, 351
4914, 356
4960, 341
5006, 347
5052, 363
5097, 351
5143, 352
5189, 348
5235, 352
5280, 348
5326, 346
5372, 346
5419, 342
5464, 344
5510, 354
5556, 337
5602, 349
5647, 347
5693, 343
5739, 350
5784, 345
5830, 358
5876, 359
5922, 344
5967, 351
6013, 353
6060, 357
6106, 344
6151, 355
6197, 349
6243, 337
6289, 345
6334, 350
6380, 348
6426, 347
6472, 347
6517, 345
6563, 348
6609, 347
6656, 351
6701, 348
6747, 341
6793, 357
6839, 345
6884, 333
6930, 354
6976, 348
7021, 345
7067, 358
7113, 352
7159, 344
7204, 345
7250, 347
7297, 349
7343, 354
7388, 342
7434, 358
7480, 347
7526, 361
7571, 344
7617, 348
7663, 344
7709, 347
7754, 340
7800, 339
7846, 353
7892, 346
7938, 339
7984, 346
8030, 351
8076, 348
8121, 347
8167, 334
8213, 345
8259, 350
8304, 345
8350, 350
8396, 350
8441, 349
8487, 342
8534, 344
8580, 342
8625, 357
8671, 339
8717, 351
8763, 349
8808, 355
8854, 342
8900, 341
8946, 344
8991, 349
9037, 347
9083, 340
9129, 349
9175, 350
9221, 343
9267, 353
9313, 353
9358, 344
9404, 347
9450, 351
9496, 347
9541, 350
9587, 338
9633, 347
9678, 340
9724, 350
9771, 355
9817, 357
9862, 354
9908, 337
9954, 343
10000, 345
10049, 346
10099, 344
10149, 350
10200, 344
10250, 341
10300, 350
10349, 340
10399, 349
10449, 347
10500, 337
10550, 350
10599, 348
10649, 344
10699, 340
10749, 345
10800, 355
10849, 357
10899, 347
10949, 352
10999, 346
11049, 351
11099, 352
11149, 356
11199, 343
11249, 354
11299, 344
11350, 338
11399, 351
11449, 340
11499, 354
11549, 345
11599, 347
11649, 356
11699, 348
11749, 348
11799, 356
11849, 343
11898, 353
11949, 345
11999, 350
12049, 349
12099, 349
12148, 350
12198, 343
12249, 348
12299, 340
12349, 341
12398, 352
12448, 347
12498, 342
12549, 352
12599, 346
12649, 350
12698, 354
12748, 347
12798, 347
12849, 357
12899, 342
12948, 350
12998, 351
13048, 343
13099, 347
13149, 360
13198, 349
13248, 344
13298, 350
13348, 339
13399, 346
13448, 346
13498, 351
13548, 343
13598, 350
13648, 348
13699, 348
13748, 353
13798, 343
13848, 351
13898, 350
13948, 348
13998, 353
14048, 342
14098, 352
14148, 351
14198, 348
14247, 342
14298, 347
14348, 349
14398, 346
14448, 350
14497, 344
14547, 341
14598, 341
14648, 341
14698, 350
14747, 346
14797, 344
14848, 347
14898, 348
14948, 349
14998, 353
15047, 352
15097, 350
15148, 350
15198, 352
15248, 347
15297, 346
15347, 344
15397, 351
15448, 340
15498, 347
15547, 345
15597, 348
15647, 345
15697, 346
15748, 346
15797, 348
15847, 347
15897, 347
15947, 348
15997, 343
16048, 350
16097, 341
16147, 349
16197, 348
16247, 346
16297, 347
16347, 349
16397, 350
16447, 354
16497, 351
16547, 354
16596, 353
16647, 350
16697, 349
16747, 349
16797, 349
16846, 347
16897, 340
16947, 350
16997, 346
17047, 351
17096, 352
17146, 345
17197, 347
17247, 348
17297, 348
17347, 345
17396, 347
17446, 346
17497, 348
17547, 349
17597, 348
17646, 351
17696, 351
17746, 355
17797, 349
17847, 350
17896, 349
17946, 351
17996, 348
18046, 344
18097, 353
18146, 346
18196, 346
18246, 346
18296, 348
18347, 346
18397, 350
18446, 345
18496, 347
18546, 351
18596, 350
18647, 352
18696, 353
18746, 348
18796, 346
18846, 348
18896, 350
18946, 347
18996, 343
19046, 342
19096, 347
19146, 341
19195, 337
19246, 339
19296, 341
19346, 345
19396, 347
19445, 345
19495, 342
19546, 342
19596, 343
19646, 349
19696, 349
19745, 350
19795, 347
19846, 346
19896, 346
19946, 348
19995, 351
20045, 346
20096, 340
20146, 347
20196, 349
20245, 337
20295, 353
20345, 355
20396, 347
20446, 349
20495, 345
20545, 352
20595, 343
20645, 348
20696, 349
20746, 351
20795, 349
20845, 346
20895, 343
20945, 344
20996, 349
21045, 340
21095, 350
21145, 349
21195, 344
21245, 346
21295, 343
21345, 341
21395, 351
21445, 344
21495, 345
21544, 344
21595, 339
21645, 350
21695, 348
21745, 345
21795, 340
21844, 342
21895, 348
21945, 344
21995, 338
22045, 343
22094, 335
22145, 350
22195, 351
22245, 348
22295, 341
22344, 344
22394, 343
22445, 346
22495, 346
22545, 344
22594, 342
22644, 337
22694, 340
22745, 353
22795, 336
22844, 342
22894, 343
22944, 344
22994, 337
23045, 342
23095, 339
23144, 346
23194, 344
23244, 339
23294, 340
23345, 344
23394, 350
23444, 345
23494, 347
23544, 336
23595, 346
23644, 338
23694, 343
23744, 347
23794, 347
23844, 346
23894, 340
23944, 344
23994, 339
24044, 349
24094, 346
24144, 353
24194, 345
24244, 344
24294, 343
24344, 342
24394, 338
24443, 342
24494, 339
24544, 350
24594, 346
24644, 339
24693, 343
24743, 340
24794, 346
24844, 352
24894, 355
24943, 353
24993, 340
25043, 346
25094, 352
25144, 352
25193, 349
25243, 338
25293, 348
25344, 350
25394, 347
25444, 345
25493, 344
25543, 336
25593, 355
25644, 344
25694, 347
25743, 346
25793, 338
25843, 337
25893, 346
25944, 342
25993, 347
26043, 344
26093, 349
26143, 345
26193, 346
26243, 344
26293, 346
26343, 338
26393, 338
26443, 340
26493, 346
26543, 348
26593, 341
26643, 343
26693, 342
26743, 349
26792, 342
26843, 346
26893, 343
26943, 342
26993, 345
27042, 340
27092, 341
27143, 347
27193, 341
27243, 347
27292, 347
27342, 348
27393, 350
27443, 339
27493, 343
27542, 351
27592, 344
27642, 340
27693, 346
27743, 357
27793, 343
27842, 345
27892, 354
27942, 345
27993, 345
28043, 346
28092, 347
28142, 340
28192, 336
28242, 336
28293, 350
28342, 344
28392, 346
28442, 347
28492, 354
28542, 341
28592, 335
28642, 340
28692, 336
28742, 338
28792, 336
28843, 332
28892, 324
28942, 328
28992, 341
29042, 338
29092, 349
29142, 335
29192, 339
29242, 344
29292, 329
29342, 345
29391, 319
29442, 309
29492, 320
29542, 345
29592, 336
29641, 360
29691, 327
29742, 325
29792, 335
29842, 336
29891, 340
29941, 337
29991, 330
30042, 320
30092, 328
30142, 321
30191, 324
30241, 356
30291, 351
30342, 351
30392, 367
30441, 355
30491, 355
30541, 355
30592, 361
30642, 368
30691, 353
30741, 357
30791, 343
30841, 338
30892, 344
30941, 347
30991, 349
31041, 358
31091, 352
31141, 355
31192, 350
31241, 347
31291, 352
31341, 351
31391, 360
31441, 351
31491, 356
31541, 357
31591, 352
31641, 352
31691, 353
31740, 350
31791, 360
31841, 346
31891, 365
31941, 364
31990, 350
32040, 361
32091, 350
32141, 359
32191, 358
32240, 363
32290, 357
32340, 359
32391, 356
32441, 354
32491, 365
32540, 361
32590, 368
32641, 359
32691, 365
32741, 367
32790, 357
32840, 361
32890, 352
32941, 355
32991, 355
33040, 343
33090, 357
33140, 355
33190, 350
33241, 367
33290, 349
33340, 362
33390, 360
33440, 357
33490, 350
33541, 364
33590, 361
33640, 359
33690, 365
33740, 352
33790, 352
33840, 350
33890, 357
33940, 342
33990, 352
34040, 345
34089, 363
34140, 359
34190, 357
34240, 356
34290, 348
34339, 350
34390, 353
34440, 360
34490, 356
34540, 358
34590, 348
34639, 353
34690, 354
34740, 349
34790, 346
34840, 360
34889, 355
34939, 362
34990, 350
35040, 357
35090, 362
35139, 348
35189, 352
35239, 361
35290, 353
35340, 355
35389, 357
35439, 354
35489, 353
35539, 353
35590, 352
35639, 357
35689, 344
35739, 351
35789, 355
35840, 345
35890, 353
35939, 357
35989, 349
36039, 354
36089, 355
36140, 349
36189, 360
36239, 363
36289, 353
36339, 350
36389, 345
36439, 352
36489, 356
36539, 348
36589, 355
36639, 344
36688, 359
36739, 353
36789, 345
36839, 353
36889, 363
36939, 364
36988, 356
37039, 354
37089, 349
37139, 355
37189, 354
37238, 357
37288, 357
37339, 355
37389, 348
37439, 344
37488, 348
37538, 361
37588, 346
37639, 361
37689, 361
37738, 350
37788, 356
37838, 356
37889, 354
37939, 350
37988, 350
38038, 350
38088, 361
38138, 354
38189, 348
38239, 344
38288, 357
38338, 361
38388, 355
38438, 339
38489, 359
38538, 356
38588, 353
38638, 344
38688, 334
38738, 364
38788, 349
38838, 344
38888, 353
38938, 356
38988, 364
39037, 357
39088, 349
39138, 359
39188, 358
39238, 361
39288, 353
39337, 350
39388, 362
39438, 355
39488, 364
39538, 346
39587, 357
39638, 355
39688, 360
39738, 345
39788, 353
39837, 352
39887, 358
39938, 369
39988, 352
40038, 353
40087, 359
40137, 363
40187, 352
40238, 360
40288, 356
40337, 362
40387, 370
40437, 354
40487, 363
40538, 363
40588, 356
40637, 352
40687, 358
40737, 358
40787, 363
40838, 360
40887, 364
40937, 349
40987, 363
41037, 356
41088, 359
41137, 357
41187, 358
41237, 359
41287, 350
41337, 355
41387, 361
41437, 361
41487, 359
41537, 356
41587, 354
41637, 346
41687, 355
41737, 356
41787, 365
41837, 359
41887, 368
41936, 358
41987, 368
42037, 363
42087, 360
42137, 349
42186, 364
42236, 363
42287, 353
42337, 351
42387, 350
42436, 354
42486, 355
42536, 366
42587, 356
42637, 366
42686, 358
42736, 347
42786, 364
42836, 359
42887, 360
42937, 352
42986, 350
43036, 366
43086, 356
43137, 355
43187, 362
43236, 368
43286, 358
43336, 351
43386, 364
43437, 358
43486, 358
43536, 356
43586, 373
43636, 350
43686, 359
43736, 359
43786, 352
43836, 360
43886, 364
43936, 360
43986, 345
44036, 360
44086, 363
44136, 355
44186, 361
44236, 360
44285, 368
44336, 359
44386, 361
44436, 363
44486, 364
44535, 355
44585, 361
44636, 360
44686, 350
44736, 352
44785, 351
44835, 358
44886, 367
44936, 363
44986, 355
45035, 364
45085, 363
45135, 355
45186, 351
45236, 349
45286, 363
45335, 356
45385, 363
45435, 363
45486, 356
45536, 359
45585, 361
45635, 358
45685, 352
45735, 354
45786, 357
45835, 353
45885, 358
45935, 359
45985, 361
46035, 366
46085, 356
46135, 367
46185, 364
46235, 359
46285, 358
46336, 361
46385, 348
46435, 347
46485, 356
46535, 346
46585, 368
46635, 362
46685, 356
46735, 362
46785, 353
46835, 357
46884, 364
46935, 355
46985, 348
47035, 361
47085, 346
47134, 355
47184, 342
47235, 352
47285, 356
47335, 368
47385, 357
47434, 355
47484, 355
47535, 358
47585, 362
47635, 355
47684, 358
47734, 364
47784, 363
47835, 356
47885, 351
47934, 363
47984, 366
48034, 361
48084, 353
48135, 357
48184, 353
48234, 351
48284, 356
48334, 353
48385, 352
48434, 355
48484, 357
48534, 362
48584, 360
48634, 360
48685, 359
48734, 351
48784, 361
48834, 357
48884, 360
48934, 363
48984, 359
49034, 360
49084, 362
49134, 367
49184, 360
49233, 356
49284, 359
49334, 357
49384, 360
49434, 354
49483, 349
49533, 355
49584, 369
49634, 371
49684, 371
49734, 368
49783, 362
49833, 356
49884, 356
49934, 370
49984, 361
50033, 360
50083, 359
50134, 355
50184, 367
50234, 365
50283, 360
50333, 361
50383, 368
50434, 360
50484, 374
50533, 358
50583, 348
50633, 360
50683, 350
50734, 359
50783, 364
50833, 365
50883, 351
50933, 366
50983, 370
51034, 363
51083, 353
51133, 361
51183, 366
51233, 366
51283, 356
51333, 364
51383, 358
51433, 362
51483, 358
51533, 369
51582, 368
51633, 365
51683, 361
51733, 362
51783, 368
51832, 358
51883, 358
51933, 367
51983, 363
52033, 372
52083, 359
52132, 363
52183, 368
52233, 357
52283, 358
52333, 360
52382, 361
52432, 359
52483, 364
52533, 362
52583, 361
52632, 366
52682, 364
52732, 363
52783, 360
52833, 361
52882, 359
52932, 361
52982, 362
53032, 362
53083, 360
53132, 357
53182, 367
53232, 364
53282, 360
53332, 364
53383, 372
53432, 365
53482, 362
53532, 363
53582, 365
53633, 356
53682, 371
53732, 360
53782, 365
53832, 370
53882, 363
53932, 370
53982, 365
54032, 363
54082, 360
54132, 363
54181, 362
54232, 362
54282, 362
54332, 359
54382, 358
54432, 363
54481, 358
54532, 363
54582, 364
54632, 367
54682, 356
54731, 365
54781, 362
54832, 371
54882, 362
54932, 370
54981, 362
55031, 364
55081, 367
55132, 359
55182, 359
55231, 362
55281, 354
55331, 366
55382, 359
55432, 366
55481, 365
55531, 365
55581, 363
55631, 363
55682, 356
55732, 363
55781, 366
55831, 366
55881, 359
55931, 366
55982, 362
56031, 360
56081, 367
56131, 361
56181, 360
56231, 358
56281, 360
56331, 358
56381, 363
56431, 371
56481, 369
56530, 365
56581, 362
56631, 364
56681, 358
56731, 364
56781, 359
56830, 365
56881, 363
56931, 366
56981, 364
57031, 358
57080, 357
57131, 360
57181, 369
57231, 367
57281, 363
57330, 366
57380, 366
57431, 368
57481, 361
57531, 364
57580, 366
57630, 362
57680, 366
57731, 367
57781, 368
57830, 358
57880, 363
57930, 362
57980, 366
58031, 365
58081, 364
58130, 366
58180, 363
58230, 363
58280, 360
58331, 366
58380, 363
58430, 364
58480, 360
58530, 365
58580, 362
58630, 363
58680, 367
58730, 363
58780, 364
58830, 367
58880, 363
58930, 360
58980, 364
59030, 363
59080, 364
59130, 365
59180, 364
59230, 363
59280, 362
59330, 366
59380, 363
59429, 367
59480, 365
59530, 367
59580, 367
59630, 365
59679, 363
59729, 369
59780, 362
59830, 362
59880, 366
59929, 363
59979, 365
60029, 363
60080, 363
60130, 359
60180, 362
60229, 363
60279, 364
60329, 362
60380, 364
60430, 369
60479, 365
60529, 364
60579, 362
60630, 362
60680, 365
60729, 365
60779, 363
60829, 362
60879, 364
60930, 364
60979, 366
61029, 364
61079, 370
61129, 360
61179, 363
61229, 368
61279, 356
61329, 359
61379, 369
61429, 365
61479, 357
61529, 366
61579, 359
61629, 367
61679, 363
61729, 366
61778, 366
61829, 366
61879, 363
61929, 364
61979, 365
62028, 366
62078, 364
62129, 364
62179, 361
62229, 366
62278, 365
62328, 363
62379, 362
62429, 362
62479, 366
62529, 372
62578, 356
62628, 369
62679, 361
62729, 366
62779, 362
62828, 373
62878, 372
62928, 370
62979, 364
63029, 364
63078, 361
63128, 372
63178, 357
63228, 373
63279, 373
63328, 366
63378, 363
63428, 363
63478, 358
63528, 364
63578, 366
63628, 381
63678, 353
63728, 362
63778, 359
63828, 364
63878, 378
63928, 349
63978, 362
64028, 358
64078, 367
64128, 358
64178, 365
64228, 356
64278, 357
64328, 369
64377, 362
64428, 358
64478, 357
64528, 360
64578, 364
64627, 363
64677, 354
64728, 367
64778, 374
64828, 363
64878, 373
64927, 357
64977, 366
65028, 358
65078, 356
65128, 362
65177, 361
65227, 352
65277, 363
65328, 367
65378, 364
65427, 356
65477, 370
65527, 364
65577, 357
65628, 359
65677, 370
65727, 369
65777, 357
65827, 363
65878, 355
65927, 365
65977, 371
66027, 359
66077, 363
66127, 363
66178, 357
66227, 361
66277, 367
66327, 360
66377, 363
66427, 354
66477, 362
66527, 369
66577, 362
66627, 361
66677, 369
66726, 362
66777, 359
66827, 364
66877, 359
66927, 360
66976, 362
67026, 370
67077, 355
67127, 366
67177, 362
67227, 362
67276, 361
67326, 361
67377, 357
67427, 367
67477, 368
67526, 356
67576, 363
67627, 366
67677, 364
67727, 367
67776, 365
67826, 360
67876, 359
67927, 362
67977, 361
68026, 357
68076, 362
68126, 363
68176, 365
68227, 350
68276, 359
68326, 359
68376, 365
68426, 360
68476, 364
68527, 363
68576, 367
68626, 364
68676, 364
68726, 354
68776, 367
68826, 357
68876, 360
68926, 358
68976, 368
69026, 364
69075, 357
69126, 365
69176, 363
69226, 360
69276, 368
69325, 364
69376, 367
69426, 364
69476, 353
69526, 356
69576, 366
69625, 365
69676, 354
69726, 371
69776, 361
69826, 366
69875, 366
69925, 356
69976, 363
70026, 363
70076, 365
70125, 357
70175, 368
70225, 368
70276, 365
70326, 358
70375, 358
70425, 360
70475, 309
70525, 294
70576, 303
70625, 299
70675, 344
70725, 345
70775, 361
70825, 338
70876, 346
70925, 351
70975, 282
71025, 263
71075, 240
71126, 260
71175, 252
71225, 251
71275, 262
71325, 298
71375, 297
71425, 284
71475, 276
71525, 257
71575, 279
71625, 272
71674, 259
71725, 270
71775, 260
71825, 247
71875, 259
71925, 262
71974, 267
72025, 198
72075, 247
72125, 220
72175, 252
72224, 211
72274, 231
72325, 252
72375, 289
72425, 293
72474, 187
72524, 237
72574, 276
72625, 238
72675, 234
72724, 241
72774, 246
72824, 258
72875, 279
72925, 283
72975, 282
73024, 280
73074, 286
73124, 286
73175, 290
73225, 288
73274, 282
73324, 285
73374, 287
73424, 284
73475, 288
73524, 295
73574, 279
73624, 285
73674, 289
73724, 278
73774, 288
73824, 305
73874, 279
73924, 285
73974, 288
74023, 280
74074, 293
74124, 292
74174, 278
74224, 283
74274, 290
74323, 285
74374, 286
74424, 292
74474, 284
74524, 281
74573, 294
74624, 298
74674, 280
74724, 286
74774, 286
74823, 281
74873, 289
74924, 289
74974, 295
75024, 304
75073, 293
75123, 287
75173, 293
75224, 305
75274, 297
75324, 304
75373, 291
75423, 302
75473, 308
75524, 309
75574, 300
75623, 306
75673, 303
75723, 310
75773, 311
75824, 293
75873, 309
75923, 317
75973, 306
76023, 307
76073, 299
76123, 292
76173, 315
76223, 299
76273, 298
76323, 315
76372, 309
76423, 319
76473, 306
76523, 298
76573, 297
76623, 296
76673, 311
76723, 298
76773, 313
76823, 294
76873, 306
76922, 327
76973, 317
77023, 306
77073, 316
77123, 307
77172, 315
77222, 319
77273, 311
77323, 315
77373, 310
77422, 310
77472, 310
77522, 304
77573, 315
77623, 315
77673, 315
77722, 307
77772, 314
77822, 305
77873, 310
77923, 309
77972, 312
78022, 303
78072, 313
78123, 320
78173, 306
78222, 304
78272, 315
78322, 325
78372, 321
78423, 319
78472, 313
78522, 305
78572, 306
78622, 308
78672, 312
78722, 322
78772, 305
78822, 309
78872, 307
78922, 310
78972, 311
79022, 313
79072, 315
79122, 307
79172, 307
79222, 310
79271, 308
79322, 309
79372, 302
79422, 302
79472, 298
79521, 300
79571, 301
79622, 297
79672, 307
79722, 306
79771, 305
79821, 308
79872, 315
79922, 305
79972, 296
80022, 301
80071, 309
80121, 309
80172, 310
80222, 311
80272, 293
80321, 304
80371, 298
80421, 305
80472, 296
80522, 294
80571, 289
80621, 289
80671, 289
80721, 288
80772, 284
80821, 299
80871, 302
80921, 294
80971, 303
81021, 287
81071, 291
81121, 282
81171, 305
81221, 297
81271, 287
81321, 294
81371, 295
81421, 286
81471, 301
81521, 285
81571, 291
81620, 288
81671, 293
81721, 300
81771, 292
81821, 294
81870, 290
81921, 299
81971, 292
82021, 295
82071, 289
82120, 304
82170, 295
82221, 301
82271, 303
82321, 298
82371, 303
82420, 296
82470, 291
82521, 301
82571, 285
82621, 291
82670, 307
82720, 314
82770, 315
82821, 300
82871, 304
82920, 290
82970, 312
83020, 300
83070, 296
83121, 306
83170, 313
83220, 305
83270, 282
83320, 306
83371, 300
83420, 293
83470, 303
83520, 282
83570, 289
83620, 316
83671, 308
83720, 307
83770, 309
83820, 311
83870, 314
83920, 299
83970, 306
84020, 310
84070, 308
84120, 325
84170, 299
84219, 304
84270, 307
84320, 302
84370, 301
84420, 304
84469, 300
84519, 300
84570, 304
84620, 297
84670, 316
84720, 308
84769, 294
84819, 309
84870, 308
84920, 302
84970, 303
85019, 296
85069, 304
85120, 314
85170, 314
85220, 312
85269, 302
85319, 297
85369, 298
85420, 293
85470, 334
85519, 312
85569, 305
85619, 304
85669, 319
85720, 294
85770, 327
85819, 320
85869, 317
85919, 323
85969, 296
86020, 312
86069, 295
86119, 310
86169, 306
86219, 307
86269, 321
86319, 312
86369, 314
86419, 308
86469, 303
86519, 312
86568, 307
86619, 313
86669, 305
86719, 306
86769, 310
86818, 307
86868, 305
86919, 305
86969, 319
87019, 303
87069, 307
87118, 322
87169, 314
87219, 294
87269, 302
87319, 324
87368, 301
87418, 315
87469, 335
87519, 295
87569, 303
87618, 322
87668, 313
87718, 301
87769, 318
87819, 325
87868, 313
87918, 309
87968, 314
88018, 313
88069, 309
88119, 302
88168, 323
88218, 323
88268, 327
88318, 314
88369, 308
88418, 325
88468, 321
88518, 338
88568, 321
88619, 296
88668, 336
88718, 344
88768, 321
88818, 317
88868, 312
88918, 323
88968, 330
89018, 312
89068, 323
89118, 303
89167, 329
89218, 320
89268, 316
89318, 322
89368, 326
89418, 305
89467, 311
89518, 320
89568, 315
89618, 327
89668, 332
89717, 333
89767, 312
89818, 318
89868, 305
89918, 322
89967, 331
90017, 336
90067, 326
90118, 322
90168, 324
90217, 336
90267, 313
90317, 332
90368, 332
90418, 313
90468, 337
90517, 325
90567, 321
90617, 331
90668, 324
90718, 320
90767, 322
90817, 320
90867, 317
90917, 324
90968, 329
91017, 323
91067, 332
91117, 318
91167, 321
91217, 321
91267, 325
91317, 330
91367, 324
91417, 324
91467, 325
91516, 327
91567, 332
91617, 335
91667, 325
91717, 326
91767, 325
91816, 325
91867, 323
91917, 330
91967, 327
92017, 324
92066, 323
92116, 323
92167, 321
92217, 322
92267, 321
92316, 323
92366, 324
92417, 323
92467, 325
92517, 320
92566, 323
92616, 318
92666, 325
92717, 323
92767, 321
92817, 321
92866, 318
92916, 321
92966, 319
93017, 316
93067, 323
93116, 326
93166, 320
93216, 318
93266, 328
93317, 324
93366, 328
93416, 330
93466, 324
93516, 334
93566, 317
93616, 332
93666, 324
93716, 330
93766, 330
93816, 328
93865, 318
93916, 323
93966, 317
94016, 318
94066, 323
94116, 316
94166, 319
94216, 328
94266, 316
94316, 320
94366, 304
94415, 312
94466, 312
94516, 326
94566, 315
94616, 306
94665, 323
94715, 309
94766, 312
94816, 311
94866, 307
94915, 324
94965, 327
95015, 316
95066, 316
95116, 311
95166, 314
95215, 304
95265, 301
95315, 310
95366, 331
95416, 315
95465, 321
95515, 321
95565, 305
95616, 320
95666, 322
95715, 303
95765, 311
95815, 317
95865, 309
95916, 322
95965, 307
96015, 312
96065, 330
96115, 308
96165, 305
96215, 308
96265, 308
96315, 311
96365, 326
96415, 315
96465, 320
96515, 319
96565, 334
96615, 338
96665, 312
96715, 293
96764, 312
96815, 317
96865, 314
96915, 308
96965, 321
97014, 327
97064, 307
97115, 327
97165, 319
97215, 320
97264, 314
97314, 312
97364, 319
97415, 325
97465, 318
97515, 302
97564, 322
97614, 341
97665, 295
97715, 297
97765, 307
97814, 326
97864, 319
97914, 298
97965, 301
98015, 335
98064, 311
98114, 314
98164, 324
98214, 324
98265, 323
98314, 300
98364, 304
98414, 319
98464, 321
98514, 316
98565, 329
98614, 334
98664, 322
98714, 324
98764, 330
98814, 324
98864, 325
98914, 308
98964, 314
99014, 302
99064, 315
99113, 315
99164, 322
99214, 295
99264, 322
99314, 316
99363, 319
99414, 306
99464, 311
99514, 310
99564, 303
99613, 311
99663, 317
99714, 303
99764, 311
99814, 309
99864, 304
99913, 325
99963, 316
100014, 314
100068, 313
100122, 308
100176, 329
100230, 314
100284, 306
100338, 307
100392, 323
100447, 313
100501, 293
100555, 320
100610, 320
100663, 310
100717, 298
100771, 319
100826, 319
100880, 320
100934, 305
100988, 309
101043, 317
101096, 322
101150, 291
101204, 324
101259, 310
101313, 312
101367, 298
101422, 323
101476, 326
101529, 312
101583, 292
101638, 325
101692, 302
101746, 292
101800, 287
101855, 297
101909, 311
101962, 302
102017, 291
102071, 306
102125, 317
102179, 303
102234, 307
102288, 300
102342, 322
102395, 293
102450, 309
102504, 325
102558, 301
102612, 303
102667, 290
102721, 305
102775, 316
102830, 309
102883, 298
102937, 296
102991, 303
103046, 317
103100, 297
103154, 334
103208, 319
103263, 325
103316, 323
103370, 297
103425, 320
103479, 322
103533, 299
103587, 319
103642, 290
103696, 312
103749, 290
103803, 325
103858, 323
103912, 302
103966, 310
104020, 338
104075, 320
104129, 310
104182, 297
104237, 323
104291, 325
104345, 328
104399, 308
104454, 312
104508, 322
104562, 319
104615, 307
104670, 342
104724, 332
104778, 314
104833, 300
104887, 317
104941, 316
104995, 315
105049, 300
105103, 316
105157, 295
105211, 313
105266, 288
105320, 322
105374, 312
105428, 307
105482, 307
105536, 330
105590, 325
105645, 312
105699, 301
105753, 322
105807, 307
105862, 313
105915, 300
105969, 324
106023, 319
106078, 310
106132, 304
106186, 316
106241, 311
106295, 304
106348, 297
106402, 320
106457, 312
106511, 298
106565, 303
106619, 310
106674, 319
106728, 303
106781, 295
106835, 319
106890, 284
106944, 296
106998, 297
107053, 311
107107, 299
107161, 298
107214, 304
107269, 321
107323, 310
107377, 299
107431, 314
107486, 318
107540, 322
107594, 298
107648, 302
107702, 319
107756, 309
107810, 306
107865, 311
107919, 317
107973, 308
108027, 298
108081, 339
108135, 318
108189, 310
108243, 300
108298, 319
108352, 316
108406, 316
108461, 291
108514, 317
108568, 318
108622, 295
108677, 291
108731, 325
108785, 300
108839, 302
108894, 290
108947, 322
109001, 314
109056, 314
109110, 297
109164, 334
109218, 313
109273, 332
109327, 282
109380, 313
109434, 309
109489, 298
109543, 294
109597, 320
109651, 325
109706, 317
109760, 301
109814, 326
109868, 301
109922, 315
109976, 305
110030, 328
110085, 313
110139, 299
110193, 295
110247, 328
110301, 313
110355, 299
110409, 290
110464, 318
110518, 305
110572, 316
110626, 308
110681, 323
110734, 298
110788, 323
110842, 314
110897, 332
110951, 320
111005, 316
111059, 306
111114, 317
111167, 307
111221, 312
111276, 307
111330, 320
111384, 315
111438, 313
111493, 318
111547, 313
111600, 313
111654, 312
111709, 309
111763, 312
111817, 317
111872, 306
111926, 309
111980, 313
112033, 315
112088, 312
112142, 314
112196, 305
112250, 307
112305, 306
112359, 302
112413, 313
112466, 311
112521, 310
112575, 313
112629, 315
112684, 308
112738, 312
112792, 315
112846, 313
112900, 312
112954, 313
113008, 307
113062, 313
113117, 313
113171, 308
113225, 306
113280, 312
113333, 316
113387, 311
113441, 318
113496, 314
113550, 317
113604, 311
113658, 309
113713, 312
113766, 309
113820, 301
113874, 306
113929, 305
113983, 305
114037, 308
114092, 307
114146, 311
114199, 317
114253, 317
114308, 307
114362, 314
114416, 309
114470, 311
114525, 313
114579, 313
114632, 325
114686, 308
114741, 317
114795, 313
114849, 325
114904, 309
114958, 316
115012, 322
115065, 329
115120, 325
115174, 318
115228, 313
115282, 311
115337, 317
115391, 313
115445, 319
115499, 308
115553, 310
115607, 314
115661, 315
115716, 309
115770, 316
115824, 319
115878, 319
115932, 313
115986, 309
116040, 319
116094, 321
116149, 322
116203, 321
116257, 321
116312, 320
116365, 321
116419, 316
116473, 321
116528, 313
116582, 326
116636, 309
116690, 322
116745, 318
116799, 321
116852, 306
116907, 321
116961, 313
117015, 323
117069, 315
117124, 315
117178, 320
117232, 316
117285, 316
117340, 322
117394, 320
117448, 323
117502, 320
117557, 324
117611, 313
117665, 322
117719, 312
117773, 317
117827, 318
117881, 319
117936, 306
117990, 318
118044, 320
118098, 312
118152, 316
118206, 334
118260, 315
118315, 314
118369, 322
118423, 324
118477, 309
118532, 310
118585, 321
118639, 322
118693, 308
118748, 317
118802, 303
118856, 336
118910, 316
118965, 316
119018, 310
119072, 325
119127, 305
119181, 314
119235, 320
119289, 328
119344, 307
119398, 317
119451, 295
119505, 329
119560, 325
119614, 320
119668, 326
119723, 326
119777, 335
119831, 320
119884, 308
119939, 328
119993, 320
120047, 316
120101, 300
120156, 320
120210, 324
120264, 306
120317, 336
120372, 331
120426, 306
120480, 315
120535, 317
120589, 329
120643, 327
120697, 309
120751, 318
120805, 326
120859, 320
120913, 311
120968, 301
121022, 328
121076, 312
121131, 302
121184, 302
121238, 332
121292, 310
121347, 315
121401, 321
121455, 327
121509, 325
121564, 307
121617, 323
121671, 331
121725, 332
121780, 308
121834, 320
121888, 320
121943, 313
121997, 311
122050, 313
122104, 318
122159, 319
122213, 306
122267, 325
122321, 321
122376, 341
122430, 313
122483, 313
122537, 314
122592, 330
122646, 308
122700, 331
122755, 325
122809, 329
122863, 308
122916, 321
122971, 327
123025, 324
123079, 321
123133, 348
123188, 317
123242, 323
123296, 311
123350, 346
123404, 329
123458, 333
123512, 313
123567, 330
123621, 324
123675, 318
123729, 309
123784, 330
123837, 325
123891, 319
123945, 315
124000, 343
124054, 318
124108, 320
124163, 316
124217, 310
124270, 314
124324, 300
124379, 317
124433, 324
124487, 324
124541, 339
124596, 312
124650, 337
124703, 321
124758, 325
124812, 307
124866, 347
124920, 341
124975, 319
125029, 309
125083, 338
125136, 333
125191, 315
125245, 302
125299, 327
125353, 338
125408, 324
125462, 329
125516, 321
125570, 333
125624, 332
125678, 304
125732, 348
125787, 325
125841, 323
125895, 299
125949, 347
126003, 327
126057, 312
126111, 306
126166, 331
126220, 316
126274, 319
126328, 305
126383, 339
126436, 326
126490, 314
126544, 317
126599, 341
126653, 341
126707, 321
126761, 298
126816, 335
126869, 320
126923, 314
126978, 302
127032, 323
127086, 333
127140, 308
127195, 314
127249, 324
127302, 336
127356, 326
127411, 328
127465, 336
127519, 332
127574, 325
127628, 308
127682, 335
127735, 319
127790, 317
127844, 315
127898, 329
127952, 320
128007, 324
128061, 334
128115, 329
128168, 329
128223, 316
128277, 333
128331, 329
128386, 323
128440, 316
128494, 324
128548, 336
128602, 323
128656, 315
128710, 298
128764, 330
128819, 323
128873, 310
128927, 325
128982, 335
129035, 305
129089, 310
129143, 325
129198, 326
129252, 324
129306, 318
129360, 307
129415, 320
129468, 326
129522, 309
129576, 316
129631, 326
129685, 323
129739, 317
129794, 315
129848, 334
129901, 326
129955, 301
130010, 325
130064, 328
130118, 332
130172, 319
130227, 320
130281, 332
130334, 328
130388, 320
130443, 334
130497, 331
130551, 335
130606, 298
130660, 331
130714, 334
130768, 319
130822, 304
130876, 336
130930, 325
130984, 336
131039, 314
131093, 350
131147, 336
131202, 316
131255, 316
131309, 345