0, 465
0, 467
1, 468
1, 465
1, 462
2, 466
2, 464
2, 463
28, 464
66, 459
104, 468
145, 470
187, 467
229, 471
270, 473
312, 470
354, 458
395, 458
437, 454
479, 473
520, 457
562, 457
604, 459
645, 464
687, 465
729, 457
770, 462
812, 465
854, 462
894, 469
936, 468
978, 463
1019, 463
1065, 454
1112, 460
1158, 462
1203, 481
1249, 455
1295, 461
1341, 470
1386, 463
1432, 460
1478, 464
1524, 467
1569, 472
1615, 467
1661, 473
1708, 467
1753, 464
1799, 459
1845, 464
1890, 464
1936, 473
1982, 453
2028, 461
2073, 468
2119, 466
2165, 459
2211, 460
2256, 464
2302, 466
2349, 462
2395, 467
2440, 462
2486, 464
2532, 459
2578, 462
2623, 458
2669, 463
2715, 463
2761, 461
2806, 464
2852, 466
2898, 456
2945, 455
2990, 457
3036, 465
3082, 464
3127, 468
3173, 465
3219, 464
3265, 458
3310, 457
3356, 470
3402, 479
3448, 476
3493, 476
3539, 459
3586, 455
3632, 445
3677, 457
3723, 466
3769, 466
3815, 458
3860, 461
3906, 462
3952, 459
3998, 453
4043, 470
4089, 469
4135, 467
4182, 474
4227, 467
4273, 462
4319, 454
4365, 453
4410, 462
4456, 465
4502, 463
4547, 455
4593, 458
4639, 457
4685, 460
4730, 477
4776, 461
4823, 471
4869, 480
4914, 460
4960, 455
5006, 452
5052, 460
5097, 461
5143, 464
5189, 460
5235, 462
5280, 455
5326, 451
5372, 462
5419, 479
5464, 475
5510, 481
5556, 465
5602, 458
5647, 444
5693, 449
5739, 456
5784, 459
5830, 453
5876, 455
5922, 455
5967, 447
6013, 461
6060, 483
6106, 483
6151, 481
6197, 460
6243, 452
6289, 444
6334, 451
6380, 457
6426, 463
6472, 458
6517, 463
6563, 450
6609, 454
6656, 469
6701, 485
6747, 483
6793, 467
6839, 458
6884, 454
6930, 442
6976, 453
7021, 459
7067, 461
7113, 457
7159, 461
7204, 454
7250, 467
7297, 480
7343, 467
7388, 475
7434, 472
7480, 455
7526, 454
7571, 457
7617, 467
7663, 467
7709, 468
7754, 465
7800, 465
7846, 462
7892, 482
7938, 465
7984, 472
8030, 470
8076, 464
8121, 462
8167, 462
8213, 463
8259, 465
8304, 466
8350, 467
8396, 463
8441, 462
8487, 468
8534, 476
8580, 460
8625, 469
8671, 475
8717, 464
8763, 464
8808, 466
8854, 474
8900, 474
8946, 475
8991, 469
9037, 464
9083, 462
9129, 462
9175, 477
9221, 465
9267, 470
9313, 471
9358, 468
9404, 467
9450, 465
9496, 466
9541, 469
9587, 471
9633, 472
9678, 468
9724, 465
9771, 461
9817, 458
9862, 482
9908, 468
9954, 473
10000, 467
10049, 470
10099, 462
10149, 462
10200, 467
10250, 471
10300, 470
10349, 467
10399, 469
10449, 458
10500, 460
10550, 470
10599, 483
10649, 474
10699, 473
10749, 474
10800, 464
10849, 460
10899, 465
10949, 468
10999, 467
11049, 468
11099, 467
11149, 467
11199, 457
11249, 462
11299, 484
11350, 471
11399, 480
11449, 475
11499, 463
11549, 459
11599, 457
11649, 465
11699, 467
11749, 465
11799, 467
11849, 461
11898, 455
11949, 463
11999, 480
12049, 466
12099, 481
12148, 472
12198, 463
12249, 462
12299, 463
12349, 471
12398, 469
12448, 466
12498, 468
12549, 464
12599, 459
12649, 472
12698, 470
12748, 474
12798, 482
12849, 469
12899, 461
12948, 462
12998, 469
13048, 468
13099, 470
13149, 466
13198, 464
13248, 466
13298, 465
13348, 486
13399, 474
13448, 475
13498, 468
13548, 468
13598, 462
13648, 466
13699, 470
13748, 470
13798, 470
13848, 466
13898, 462
13948, 458
13998, 478
14048, 471
14098, 476
14148, 479
14198, 464
14247, 464
14298, 468
14348, 470
14398, 465
14448, 468
14497, 467
14547, 468
14598, 465
14648, 482
14698, 476
14747, 479
14797, 481
14848, 474
14898, 462
14948, 462
14998, 471
15047, 471
15097, 471
15148, 468
15198, 470
15248, 465
15297, 470
15347, 474
15397, 471
15448, 472
15498, 470
15547, 468
15597, 466
15647, 466
15697, 476
15748, 472
15797, 474
15847, 468
15897, 464
15947, 468
15997, 482
16048, 470
16097, 475
16147, 473
16197, 470
16247, 469
16297, 475
16347, 472
16397, 479
16447, 474
16497, 470
16547, 468
16596, 471
16647, 479
16697, 465
16747, 472
16797, 475
16846, 472
16897, 471
16947, 468
16997, 478
17047, 474
17096, 480
17146, 476
17197, 475
17247, 471
17297, 474
17347, 483
17396, 471
17446, 477
17497, 471
17547, 472
17597, 470
17646, 481
17696, 481
17746, 480
17797, 475
17847, 475
17896, 470
17946, 467
17996, 468
18046, 488
18097, 469
18146, 472
18196, 476
18246, 469
18296, 477
18347, 474
18397, 477
18446, 479
18496, 478
18546, 478
18596, 472
18647, 471
18696, 469
18746, 469
18796, 488
18846, 472
18896, 474
18946, 472
18996, 475
19046, 468
19096, 471
19146, 474
19195, 476
19246, 475
19296, 473
19346, 468
19396, 468
19445, 465
19495, 468
19546, 487
19596, 469
19646, 475
19696, 478
19745, 475
19795, 470
19846, 470
19896, 475
19946, 476
19995, 476
20045, 474
20096, 470
20146, 469
20196, 466
20245, 467
20295, 484
20345, 472
20396, 477
20446, 474
20495, 472
20545, 468
20595, 471
20645, 471
20696, 474
20746, 472
20795, 475
20845, 465
20895, 465
20945, 465
20996, 466
21045, 480
21095, 468
21145, 471
21195, 481
21245, 475
21295, 473
21345, 469
21395, 472
21445, 476
21495, 476
21544, 472
21595, 470
21645, 467
21695, 462
21745, 459
21795, 467
21844, 475
21895, 477
21945, 478
21995, 477
22045, 466
22094, 466
22145, 466
22195, 473
22245, 475
22295, 473
22344, 470
22394, 460
22445, 464
22495, 460
22545, 468
22594, 471
22644, 471
22694, 471
22745, 472
22795, 466
22844, 466
22894, 473
22944, 475
22994, 475
23045, 476
23095, 468
23144, 465
23194, 463
23244, 461
23294, 477
23345, 468
23394, 468
23444, 472
23494, 473
23544, 467
23595, 465
23644, 469
23694, 472
23744, 472
23794, 472
23844, 468
23894, 463
23944, 460
23994, 461
24044, 486
24094, 477
24144, 475
24194, 475
24244, 474
24294, 468
24344, 467
24394, 472
24443, 471
24494, 472
24544, 465
24594, 467
24644, 463
24693, 459
24743, 479
24794, 475
24844, 473
24894, 477
24943, 474
24993, 461
25043, 465
25094, 469
25144, 468
25193, 474
25243, 466
25293, 468
25344, 461
25394, 459
25444, 478
25493, 484
25543, 475
25593, 481
25644, 475
25694, 467
25743, 468
25793, 469
25843, 471
25893, 470
25944, 468
25993, 466
26043, 463
26093, 463
26143, 482
26193, 490
26243, 485
26293, 478
26343, 470
26393, 464
26443, 466
26493, 470
26543, 473
26593, 470
26643, 467
26693, 468
26743, 462
26792, 461
26843, 491
26893, 473
26943, 478
26993, 480
27042, 472
27092, 468
27143, 470
27193, 480
27243, 478
27292, 479
27342, 474
27393, 476
27443, 471
27493, 473
27542, 492
27592, 473
27642, 478
27693, 477
27743, 472
27793, 470
27842, 478
27892, 480
27942, 479
27993, 475
28043, 472
28092, 471
28142, 466
28192, 471
28242, 490
28293, 471
28342, 478
28392, 480
28442, 480
28492, 471
28542, 474
28592, 478
28642, 477
28692, 479
28742, 470
28792, 466
28843, 469
28892, 471
28942, 486
28992, 472
29042, 478
29092, 480
29142, 477
29192, 477
29242, 470
29292, 480
29342, 478
29391, 474
29442, 478
29492, 480
29542, 470
29592, 472
29641, 486
29691, 485
29742, 482
29792, 481
29842, 477
29891, 470
29941, 469
29991, 477
30042, 472
30092, 473
30142, 474
30191, 465
30241, 463
30291, 458
30342, 481
30392, 475
30441, 472
30491, 473
30541, 467
30592, 466
30642, 469
30691, 478
30741, 472
30791, 474
30841, 472
30892, 470
30941, 467
30991, 484
31041, 485
31091, 489
31141, 478
31192, 474
31241, 469
31291, 470
31341, 477
31391, 475
31441, 472
31491, 469
31541, 469
31591, 475
31641, 482
31691, 478
31740, 478
31791, 474
31841, 472
31891, 472
31941, 472
31990, 475
32040, 479
32091, 476
32141, 472
32191, 467
32240, 485
32290, 478
32340, 473
32391, 476
32441, 480
32491, 475
32540, 474
32590, 477
32641, 478
32691, 479
32741, 471
32790, 468
32840, 474
32890, 484
32941, 478
32991, 474
33040, 473
33090, 475
33140, 465
33190, 475
33241, 477
33290, 476
33340, 473
33390, 467
33440, 466
33490, 479
33541, 474
33590, 479
33640, 477
33690, 474
33740, 476
33790, 477
33840, 477
33890, 481
33940, 478
33990, 477
34040, 471
34089, 475
34140, 479
34190, 474
34240, 479
34290, 475
34339, 484
34390, 472
34440, 475
34490, 477
34540, 475
34590, 476
34639, 477
34690, 479
34740, 473
34790, 486
34840, 478
34889, 481
34939, 469
34990, 471
35040, 471
35090, 473
35139, 478
35189, 483
35239, 475
35290, 476
35340, 472
35389, 474
35439, 488
35489, 480
35539, 481
35590, 469
35639, 475
35689, 466
35739, 470
35789, 479
35840, 478
35890, 475
35939, 475
35989, 476
36039, 488
36089, 481
36140, 486
36189, 482
36239, 469
36289, 472
36339, 472
36389, 477
36439, 479
36489, 477
36539, 465
36589, 478
36639, 477
36688, 478
36739, 477
36789, 471
36839, 468
36889, 466
36939, 475
36988, 475
37039, 473
37089, 470
37139, 472
37189, 479
37238, 476
37288, 480
37339, 477
37389, 475
37439, 469
37488, 476
37538, 477
37588, 480
37639, 474
37689, 479
37738, 481
37788, 476
37838, 476
37889, 468
37939, 475
37988, 479
38038, 470
38088, 469
38138, 474
38189, 473
38239, 471
38288, 473
38338, 476
38388, 481
38438, 487
38489, 478
38538, 481
38588, 480
38638, 471
38688, 476
38738, 470
38788, 471
38838, 477
38888, 476
38938, 472
38988, 474
39037, 481
39088, 478
39138, 475
39188, 477
39238, 472
39288, 471
39337, 470
39388, 474
39438, 476
39488, 475
39538, 474
39587, 465
39638, 472
39688, 486
39738, 472
39788, 475
39837, 476
39887, 465
39938, 473
39988, 474
40038, 470
40087, 474
40137, 478
40187, 473
40238, 476
40288, 468
40337, 477
40387, 476
40437, 477
40487, 483
40538, 470
40588, 469
40637, 467
40687, 472
40737, 476
40787, 475
40838, 478
40887, 468
40937, 467
40987, 465
41037, 484
41088, 475
41137, 480
41187, 469
41237, 472
41287, 466
41337, 472
41387, 478
41437, 473
41487, 472
41537, 472
41587, 467
41637, 463
41687, 477
41737, 477
41787, 478
41837, 478
41887, 471
41936, 465
41987, 464
42037, 470
42087, 473
42137, 470
42186, 468
42236, 461
42287, 462
42337, 465
42387, 484
42436, 468
42486, 474
42536, 471
42587, 469
42637, 469
42686, 470
42736, 471
42786, 473
42836, 472
42887, 473
42937, 469
42986, 461
43036, 472
43086, 482
43137, 478
43187, 478
43236, 472
43286, 468
43336, 463
43386, 466
43437, 475
43486, 474
43536, 470
43586, 471
43636, 469
43686, 472
43736, 487
43786, 480
43836, 481
43886, 475
43936, 471
43986, 473
44036, 474
44086, 476
44136, 477
44186, 477
44236, 476
44285, 476
44336, 469
44386, 470
44436, 485
44486, 474
44535, 477
44585, 468
44636, 470
44686, 470
44736, 470
44785, 473
44835, 473
44886, 473
44936, 474
44986, 470
45035, 465
45085, 472
45135, 476
45186, 479
45236, 475
45286, 470
45335, 474
45385, 460
45435, 466
45486, 469
45536, 470
45585, 471
45635, 471
45685, 469
45735, 465
45786, 485
45835, 473
45885, 474
45935, 465
45985, 468
46035, 469
46085, 469
46135, 470
46185, 474
46235, 472
46285, 468
46336, 473
46385, 470
46435, 485
46485, 476
46535, 476
46585, 466
46635, 469
46685, 458
46735, 465
46785, 468
46835, 473
46884, 470
46935, 471
46985, 471
47035, 470
47085, 483
47134, 475
47184, 472
47235, 472
47285, 472
47335, 467
47385, 469
47434, 471
47484, 470
47535, 472
47585, 471
47635, 470
47684, 474
47734, 471
47784, 469
47835, 475
47885, 470
47934, 471
47984, 469
48034, 470
48084, 470
48135, 469
48184, 467
48234, 468
48284, 470
48334, 479
48385, 474
48434, 477
48484, 464
48534, 472
48584, 471
48634, 473
48685, 471
48734, 470
48784, 471
48834, 471
48884, 472
48934, 473
48984, 475
49034, 477
49084, 469
49134, 471
49184, 474
49233, 476
49284, 478
49334, 472
49384, 474
49434, 473
49483, 477
49533, 479
49584, 473
49634, 477
49684, 466
49734, 468
49783, 474
49833, 475
49884, 475
49934, 472
49984, 469
50033, 483
50083, 473
50134, 472
50184, 474
50234, 471
50283, 473
50333, 466
50383, 467
50434, 472
50484, 468
50533, 468
50583, 464
50633, 460
50683, 480
50734, 467
50783, 474
50833, 477
50883, 476
50933, 470
50983, 464
51034, 469
51083, 473
51133, 470
51183, 469
51233, 463
51283, 464
51333, 470
51383, 473
51433, 466
51483, 465
51533, 473
51582, 474
51633, 466
51683, 471
51733, 473
51783, 471
51832, 472
51883, 465
51933, 465
51983, 456
52033, 465
52083, 474
52132, 473
52183, 463
52233, 476
52283, 472
52333, 468
52382, 471
52432, 474
52483, 474
52533, 474
52583, 470
52632, 469
52682, 462
52732, 465
52783, 467
52833, 471
52882, 475
52932, 473
52982, 477
53032, 468
53083, 458
53132, 463
53182, 467
53232, 474
53282, 470
53332, 464
53383, 466
53432, 462
53482, 473
53532, 470
53582, 477
53633, 479
53682, 473
53732, 464
53782, 465
53832, 466
53882, 464
53932, 467
53982, 472
54032, 469
54082, 466
54132, 473
54181, 468
54232, 476
54282, 479
54332, 474
54382, 468
54432, 464
54481, 465
54532, 471
54582, 469
54632, 472
54682, 471
54731, 468
54781, 468
54832, 470
54882, 475
54932, 479
54981, 474
55031, 473
55081, 465
55132, 466
55182, 469
55231, 471
55281, 468
55331, 468
55382, 469
55432, 466
55481, 485
55531, 479
55581, 486
55631, 477
55682, 473
55732, 472
55781, 475
55831, 470
55881, 472
55931, 470
55982, 473
56031, 471
56081, 476
56131, 481
56181, 483
56231, 473
56281, 474
56331, 470
56381, 469
56431, 462
56481, 467
56530, 469
56581, 468
56631, 464
56681, 469
56731, 488
56781, 479
56830, 480
56881, 480
56931, 469
56981, 469
57031, 473
57080, 475
57131, 472
57181, 469
57231, 473
57281, 470
57330, 470
57380, 483
57431, 480
57481, 474
57531, 479
57580, 474
57630, 472
57680, 471
57731, 472
57781, 473
57830, 475
57880, 471
57930, 473
57980, 475
58031, 479
58081, 484
58130, 476
58180, 478
58230, 473
58280, 470
58331, 474
58380, 475
58430, 475
58480, 474
58530, 475
58580, 475
58630, 479
58680, 481
58730, 482
58780, 477
58830, 474
58880, 474
58930, 469
58980, 473
59030, 476
59080, 475
59130, 473
59180, 472
59230, 471
59280, 469
59330, 486
59380, 485
59429, 485
59480, 479
59530, 470
59580, 472
59630, 474
59679, 471
59729, 476
59780, 473
59830, 470
59880, 471
59929, 469
59979, 469
60029, 485
60080, 483
60130, 482
60180, 480
60229, 475
60279, 470
60329, 470
60380, 471
60430, 475
60479, 472
60529, 473
60579, 469
60630, 469
60680, 475
60729, 489
60779, 481
60829, 483
60879, 477
60930, 471
60979, 469
61029, 469
61079, 471
61129, 471
61179, 473
61229, 472
61279, 468
61329, 463
61379, 473
61429, 488
61479, 479
61529, 479
61579, 479
61629, 470
61679, 467
61729, 469
61778, 474
61829, 473
61879, 466
61929, 471
61979, 470
62028, 460
62078, 467
62129, 493
62179, 478
62229, 478
62278, 481
62328, 471
62379, 471
62429, 470
62479, 470
62529, 477
62578, 472
62628, 470
62679, 469
62729, 462
62779, 462
62828, 488
62878, 473
62928, 473
62979, 485
63029, 470
63078, 470
63128, 470
63178, 473
63228, 471
63279, 472
63328, 472
63378, 471
63428, 467
63478, 466
63528, 486
63578, 479
63628, 472
63678, 487
63728, 475
63778, 476
63828, 473
63878, 474
63928, 475
63978, 479
64028, 474
64078, 470
64128, 471
64178, 492
64228, 480
64278, 486
64328, 473
64377, 472
64428, 475
64478, 472
64528, 475
64578, 477
64627, 475
64677, 472
64728, 472
64778, 467
64828, 468
64878, 492
64927, 485
64977, 480
65028, 484
65078, 475
65128, 472
65177, 475
65227, 472
65277, 474
65328, 471
65378, 468
65427, 466
65477, 469
65527, 487
65577, 484
65628, 487
65677, 485
65727, 480
65777, 472
65827, 472
65878, 474
65927, 472
65977, 475
66027, 479
66077, 479
66127, 473
66178, 471
66227, 492
66277, 484
66327, 483
66377, 485
66427, 475
66477, 470
66527, 472
66577, 474
66627, 474
66677, 474
66726, 471
66777, 470
66827, 472
66877, 464
66927, 489
66976, 487
67026, 489
67077, 483
67127, 479
67177, 470
67227, 468
67276, 470
67326, 476
67377, 479
67427, 474
67477, 472
67526, 468
67576, 469
67627, 488
67677, 488
67727, 488
67776, 481
67826, 478
67876, 473
67927, 479
67977, 476
68026, 482
68076, 478
68126, 475
68176, 474
68227, 473
68276, 467
68326, 491
68376, 475
68426, 478
68476, 478
68527, 486
68576, 477
68626, 474
68676, 477
68726, 481
68776, 478
68826, 478
68876, 473
68926, 467
68976, 466
69026, 486
69075, 482
69126, 485
69176, 482
69226, 479
69276, 485
69325, 483
69376, 484
69426, 481
69476, 482
69526, 475
69576, 475
69625, 477
69676, 486
69726, 475
69776, 474
69826, 484
69875, 479
69925, 475
69976, 474
70026, 477
70076, 481
70125, 480
70175, 479
70225, 479
70276, 477
70326, 472
70375, 491
70425, 475
70475, 471
70525, 482
70576, 483
70625, 478
70675, 477
70725, 477
70775, 481
70825, 479
70876, 476
70925, 475
70975, 471
71025, 475
71075, 491
71126, 472
71175, 468
71225, 484
71275, 485
71325, 480
71375, 477
71425, 477
71475, 482
71525, 475
71575, 479
71625, 478
71674, 473
71725, 470
71775, 491
71825, 468
71875, 472
71925, 483
71974, 478
72025, 471
72075, 470
72125, 482
72175, 479
72224, 478
72274, 478
72325, 473
72375, 476
72425, 473
72474, 490
72524, 477
72574, 478
72625, 478
72675, 484
72724, 477
72774, 475
72824, 478
72875, 476
72925, 477
72975, 476
73024, 475
73074, 471
73124, 468
73175, 488
73225, 477
73274, 472
73324, 479
73374, 484
73424, 474
73475, 474
73524, 480
73574, 481
73624, 482
73674, 478
73724, 477
73774, 474
73824, 471
73874, 492
73924, 472
73974, 477
74023, 479
74074, 483
74124, 473
74174, 473
74224, 477
74274, 477
74323, 477
74374, 476
74424, 475
74474, 472
74524, 470
74573, 486
74624, 474
74674, 477
74724, 473
74774, 473
74823, 468
74873, 469
74924, 473
74974, 476
75024, 475
75073, 472
75123, 472
75173, 468
75224, 483
75274, 474
75324, 475
75373, 479
75423, 480
75473, 470
75524, 473
75574, 471
75623, 477
75673, 479
75723, 478
75773, 474
75824, 467
75873, 470
75923, 492
75973, 479
76023, 478
76073, 481
76123, 468
76173, 470
76223, 471
76273, 472
76323, 473
76372, 472
76423, 469
76473, 471
76523, 474
76573, 481
76623, 483
76673, 478
76723, 474
76773, 470
76823, 467
76873, 472
76922, 475
76973, 473
77023, 471
77073, 474
77123, 472
77172, 490
77222, 482
77273, 481
77323, 481
77373, 472
77422, 472
77472, 473
77522, 474
77573, 476
77623, 475
77673, 474
77722, 472
77772, 491
77822, 469
77873, 480
77923, 476
77972, 481
78022, 475
78072, 472
78123, 478
78173, 479
78222, 479
78272, 472
78322, 470
78372, 492
78423, 468
78472, 473
78522, 481
78572, 481
78622, 478
78672, 483
78722, 485
78772, 482
78822, 482
78872, 484
78922, 480
78972, 488
79022, 472
79072, 464
79122, 472
79172, 471
79222, 480
79271, 479
79322, 480
79372, 487
79422, 484
79472, 482
79521, 481
79571, 477
79622, 476
79672, 477
79722, 468
79771, 469
79821, 465
79872, 466
79922, 472
79972, 474
80022, 478
80071, 481
80121, 475
80172, 478
80222, 473
80272, 468
80321, 479
80371, 478
80421, 489
80472, 470
80522, 460
80571, 473
80621, 475
80671, 476
80721, 482
80772, 483
80821, 486
80871, 484
80921, 480
80971, 476
81021, 473
81071, 471
81121, 475
81171, 472
81221, 478
81271, 469
81321, 471
81371, 474
81421, 468
81471, 474
81521, 476
81571, 479
81620, 480
81671, 476
81721, 475
81771, 476
81821, 471
81870, 472
81921, 470
81971, 478
82021, 474
82071, 470
82120, 471
82170, 471
82221, 472
82271, 472
82321, 476
82371, 478
82420, 477
82470, 478
82521, 480
82571, 475
82621, 473
82670, 471
82720, 471
82770, 473
82821, 470
82871, 467
82920, 466
82970, 469
83020, 468
83070, 469
83121, 474
83170, 471
83220, 475
83270, 471
83320, 473
83371, 473
83420, 470
83470, 480
83520, 473
83570, 472
83620, 472
83671, 476
83720, 470
83770, 471
83820, 475
83870, 476
83920, 477
83970, 479
84020, 476
84070, 474
84120, 473
84170, 476
84219, 468
84270, 469
84320, 469
84370, 472
84420, 470
84469, 474
84519, 476
84570, 479
84620, 475
84670, 475
84720, 476
84769, 473
84819, 469
84870, 476
84920, 467
84970, 476
85019, 468
85069, 477
85120, 477
85170, 468
85220, 469
85269, 473
85319, 471
85369, 469
85420, 470
85470, 470
85519, 467
85569, 489
85619, 469
85669, 473
85720, 475
85770, 478
85819, 466
85869, 470
85919, 474
85969, 473
86020, 476
86069, 470
86119, 470
86169, 466
86219, 469
86269, 471
86319, 467
86369, 471
86419, 474
86469, 474
86519, 473
86568, 471
86619, 479
86669, 477
86719, 471
86769, 471
86818, 471
86868, 470
86919, 490
86969, 469
87019, 476
87069, 476
87118, 475
87169, 472
87219, 473
87269, 473
87319, 474
87368, 472
87418, 475
87469, 474
87519, 468
87569, 485
87618, 470
87668, 474
87718, 474
87769, 479
87819, 470
87868, 470
87918, 475
87968, 474
88018, 472
88069, 473
88119, 473
88168, 469
88218, 485
88268, 467
88318, 476
88369, 473
88418, 478
88468, 476
88518, 474
88568, 475
88619, 477
88668, 475
88718, 475
88768, 474
88818, 473
88868, 484
88918, 467
88968, 479
89018, 473
89068, 479
89118, 476
89167, 477
89218, 479
89268, 479
89318, 478
89368, 477
89418, 475
89467, 478
89518, 473
89568, 471
89618, 475
89668, 475
89717, 477
89767, 475
89818, 477
89868, 480
89918, 476
89967, 478
90017, 476
90067, 475
90118, 479
90168, 469
90217, 478
90267, 480
90317, 468
90368, 475
90418, 478
90468, 482
90517, 480
90567, 481
90617, 480
90668, 477
90718, 477
90767, 474
90817, 487
90867, 472
90917, 479
90968, 475
91017, 472
91067, 481
91117, 484
91167, 482
91217, 479
91267, 483
91317, 482
91367, 478
91417, 474
91467, 477
91516, 469
91567, 481
91617, 476
91667, 473
91717, 471
91767, 478
91816, 481
91867, 481
91917, 483
91967, 481
92017, 479
92066, 477
92116, 475
92167, 469
92217, 474
92267, 478
92316, 475
92366, 476
92417, 473
92467, 479
92517, 486
92566, 480
92616, 483
92666, 477
92717, 474
92767, 492
92817, 477
92866, 478
92916, 477
92966, 472
93017, 475
93067, 480
93116, 485
93166, 487
93216, 487
93266, 483
93317, 475
93366, 472
93416, 487
93466, 477
93516, 477
93566, 474
93616, 472
93666, 475
93716, 470
93766, 475
93816, 477
93865, 479
93916, 480
93966, 479
94016, 475
94066, 478
94116, 479
94166, 479
94216, 479
94266, 480
94316, 471
94366, 471
94415, 475
94466, 475
94516, 478
94566, 479
94616, 476
94665, 477
94715, 470
94766, 472
94816, 467
94866, 477
94915, 480
94965, 476
95015, 478
95066, 469
95116, 472
95166, 480
95215, 481
95265, 481
95315, 478
95366, 478
95416, 472
95465, 472
95515, 472
95565, 469
95616, 470
95666, 481
95715, 476
95765, 478
95815, 481
95865, 471
95916, 471
95965, 475
96015, 477
96065, 480
96115, 480
96165, 481
96215, 477
96265, 474
96315, 466
96365, 469
96415, 468
96465, 464
96515, 480
96565, 471
96615, 477
96665, 474
96715, 470
96764, 470
96815, 466
96865, 472
96915, 477
96965, 473
97014, 470
97064, 472
97115, 468
97165, 465
97215, 466
97264, 461
97314, 458
97364, 479
97415, 470
97465, 472
97515, 473
97564, 470
97614, 471
97665, 470
97715, 468
97765, 471
97814, 471
97864, 471
97914, 469
97965, 460
98015, 467
98064, 455
98114, 455
98164, 476
98214, 479
98265, 470
98314, 473
98364, 466
98414, 471
98464, 460
98514, 469
98565, 467
98614, 471
98664, 466
98714, 464
98764, 469
98814, 468
98864, 459
98914, 458
98964, 478
99014, 482
99064, 471
99113, 473
99164, 466
99214, 467
99264, 464
99314, 475
99363, 471
99414, 477
99464, 472
99514, 470
99564, 466
99613, 467
99663, 466
99714, 460
99764, 484
99814, 469
99864, 468
99913, 471
99963, 466
100014, 464
100068, 469
100122, 467
100176, 475
100230, 475
100284, 470
100338, 467
100392, 468
100447, 466
100501, 475
100555, 472
100610, 474
100663, 476
100717, 464
100771, 470
100826, 472
100880, 474
100934, 476
100988, 476
101043, 472
101096, 468
101150, 465
101204, 463
101259, 477
101313, 475
101367, 476
101422, 475
101476, 466
101529, 465
101583, 469
101638, 471
101692, 470
101746, 470
101800, 465
101855, 462
101909, 464
101962, 473
102017, 476
102071, 477
102125, 473
102179, 473
102234, 465
102288, 462
102342, 472
102395, 473
102450, 472
102504, 465
102558, 465
102612, 465
102667, 454
102721, 475
102775, 476
102830, 476
102883, 476
102937, 474
102991, 470
103046, 469
103100, 468
103154, 472
103208, 477
103263, 471
103316, 468
103370, 459
103425, 461
103479, 460
103533, 480
103587, 477
103642, 481
103696, 472
103749, 467
103803, 463
103858, 470
103912, 471
103966, 469
104020, 471
104075, 467
104129, 462
104182, 456
104237, 461
104291, 463
104345, 483
104399, 473
104454, 479
104508, 475
104562, 470
104615, 463
104670, 471
104724, 475
104778, 473
104833, 467
104887, 464
104941, 466
104995, 460
105049, 455
105103, 461
105157, 476
105211, 482
105266, 478
105320, 474
105374, 471
105428, 463
105482, 457
105536, 471
105590, 470
105645, 473
105699, 460
105753, 462
105807, 458
105862, 455
105915, 462
105969, 462
106023, 472
106078, 472
106132, 478
106186, 473
106241, 469
106295, 459
106348, 461
106402, 472
106457, 477
106511, 465
106565, 459
106619, 462
106674, 458
106728, 457
106781, 461
106835, 481
106890, 476
106944, 475
106998, 470
107053, 459
107107, 465
107161, 471
107214, 469
107269, 476
107323, 466
107377, 462
107431, 459
107486, 460
107540, 457
107594, 472
107648, 478
107702, 481
107756, 475
107810, 468
107865, 455
107919, 465
107973, 474
108027, 469
108081, 461
108135, 461
108189, 458
108243, 454
108298, 455
108352, 476
108406, 479
108461, 480
108514, 471
108568, 468
108622, 457
108677, 462
108731, 464
108785, 467
108839, 464
108894, 462
108947, 453
109001, 463
109056, 459
109110, 478
109164, 478
109218, 484
109273, 474
109327, 471
109380, 456
109434, 461
109489, 462
109543, 460
109597, 460
109651, 460
109706, 461
109760, 455
109814, 456
109868, 478
109922, 478
109976, 479
110030, 473
110085, 463
110139, 462
110193, 462
110247, 464
110301, 464
110355, 464
110409, 460
110464, 458
110518, 460
110572, 477
110626, 480
110681, 480
110734, 476
110788, 468
110842, 458
110897, 459
110951, 466
111005, 462
111059, 462
111114, 456
111167, 459
111221, 459
111276, 456
111330, 474
111384, 481
111438, 482
111493, 472
111547, 465
111600, 464
111654, 466
111709, 469
111763, 465
111817, 471
111872, 465
111926, 464
111980, 467
112033, 462
112088, 472
112142, 479
112196, 481
112250, 481
112305, 473
112359, 463
112413, 459
112466, 470
112521, 466
112575, 468
112629, 466
112684, 463
112738, 463
112792, 463
112846, 469
112900, 481
112954, 485
113008, 474
113062, 464
113117, 461
113171, 467
113225, 465
113280, 470
113333, 469
113387, 463
113441, 460
113496, 462
113550, 465
113604, 472
113658, 484
113713, 480
113766, 472
113820, 462
113874, 456
113929, 464
113983, 470
114037, 471
114092, 463
114146, 462
114199, 465
114253, 462
114308, 469
114362, 481
114416, 482
114470, 472
114525, 463
114579, 454
114632, 459
114686, 465
114741, 467
114795, 464
114849, 462
114904, 461
114958, 458
115012, 472
115065, 484
115120, 485
115174, 471
115228, 472
115282, 461
115337, 464
115391, 464
115445, 470
115499, 468
115553, 466
115607, 460
115661, 460
115716, 471
115770, 485
115824, 479
115878, 477
115932, 473
115986, 462
116040, 459
116094, 468
116149, 470
116203, 471
116257, 464
116312, 465
116365, 464
116419, 474
116473, 478
116528, 485
116582, 480
116636, 472
116690, 460
116745, 461
116799, 472
116852, 470
116907, 471
116961, 468
117015, 466
117069, 461
117124, 473
117178, 484
117232, 490
117285, 474
117340, 461
117394, 461
117448, 470
117502, 468
117557, 470
117611, 469
117665, 467
117719, 466
117773, 460
117827, 479
117881, 488
117936, 489
117990, 472
118044, 464
118098, 466
118152, 469
118206, 469
118260, 475
118315, 469
118369, 467
118423, 460
118477, 462
118532, 482
118585, 480
118639, 485
118693, 474
118748, 466
118802, 467
118856, 470
118910, 471
118965, 473
119018, 467
119072, 467
119127, 462
119181, 463
119235, 474
119289, 477
119344, 486
119398, 475
119451, 463
119505, 457
119560, 466
119614, 470
119668, 470
119723, 467
119777, 463
119831, 463
119884, 460
119939, 458
119993, 471
120047, 481
120101, 485
120156, 469
120210, 466
120264, 462
120317, 462
120372, 471
120426, 469
120480, 467
120535, 464
120589, 462
120643, 457
120697, 454
120751, 463
120805, 478
120859, 483
120913, 473
120968, 468
121022, 456
121076, 463
121131, 468
121184, 470
121238, 464
121292, 467
121347, 462
121401, 461
121455, 463
121509, 474
121564, 483
121617, 486
121671, 469
121725, 464
121780, 458
121834, 464
121888, 469
121943, 471
121997, 473
122050, 465
122104, 459
122159, 458
122213, 459
122267, 472
122321, 478
122376, 486
122430, 472
122483, 465
122537, 458
122592, 470
122646, 472
122700, 467
122755, 463
122809, 466
122863, 466
122916, 456
122971, 461
123025, 474
123079, 481
123133, 486
123188, 472
123242, 466
123296, 463
123350, 463
123404, 469
123458, 470
123512, 466
123567, 462
123621, 466
123675, 464
123729, 469
123784, 479
123837, 480
123891, 481
123945, 472
124000, 462
124054, 461
124108, 468
124163, 474
124217, 472
124270, 469
124324, 465
124379, 464
124433, 459
124487, 469
124541, 480
124596, 483
124650, 474
124703, 466
124758, 464
124812, 468
124866, 471
124920, 477
124975, 473
125029, 468
125083, 468
125136, 461
125191, 476
125245, 482
125299, 487
125353, 470
125408, 467
125462, 460
125516, 467
125570, 469
125624, 469
125678, 469
125732, 461
125787, 462
125841, 466
125895, 471
125949, 475
126003, 481
126057, 479
126111, 467
126166, 465
126220, 469
126274, 470
126328, 468
126383, 466
126436, 466
126490, 465
126544, 466
126599, 473
126653, 481
126707, 487
126761, 481
126816, 472
126869, 466
126923, 473
126978, 474
127032, 474
127086, 472
127140, 465
127195, 468
127249, 470
127302, 477
127356, 480
127411, 486
127465, 473
127519, 469
127574, 471
127628, 471
127682, 470
127735, 476
127790, 468
127844, 468
127898, 460
127952, 476
128007, 480
128061, 480
128115, 481
128168, 474
128223, 465
128277, 468
128331, 465
128386, 474
128440, 470
128494, 466
128548, 465
128602, 469
128656, 479
128710, 484
128764, 477
128819, 477