0, 474
0, 474
1, 476
1, 474
1, 477
2, 475
2, 479
2, 477
28, 475
66, 477
104, 467
145, 470
187, 480
229, 482
270, 479
312, 475
354, 480
395, 469
437, 468
479, 468
520, 481
562, 464
604, 466
645, 477
687, 475
729, 472
770, 471
812, 476
854, 482
894, 480
936, 480
978, 477
1019, 478
1065, 466
1112, 465
1158, 474
1203, 477
1249, 459
1295, 464
1341, 465
1386, 472
1432, 466
1478, 462
1524, 475
1569, 474
1615, 476
1661, 477
1708, 469
1753, 468
1799, 460
1845, 474
1890, 474
1936, 451
1982, 453
2028, 457
2073, 474
2119, 459
2165, 458
2211, 469
2256, 475
2302, 476
2349, 467
2395, 459
2440, 453
2486, 449
2532, 442
2578, 475
2623, 466
2669, 461
2715, 464
2761, 471
2806, 455
2852, 443
2898, 445
2945, 456
2990, 461
3036, 458
3082, 450
3127, 445
3173, 442
3219, 438
3265, 460
3310, 464
3356, 466
3402, 470
3448, 473
3493, 436
3539, 425
3586, 432
3632, 445
3677, 455
3723, 447
3769, 439
3815, 439
3860, 437
3906, 426
3952, 459
3998, 468
4043, 465
4089, 467
4135, 467
4182, 435
4227, 420
4273, 430
4319, 446
4365, 454
4410, 442
4456, 438
4502, 437
4547, 423
4593, 421
4639, 456
4685, 471
4730, 467
4776, 465
4823, 452
4869, 423
4914, 415
4960, 414
5006, 434
5052, 439
5097, 433
5143, 436
5189, 426
5235, 423
5280, 422
5326, 458
5372, 472
5419, 470
5464, 466
5510, 428
5556, 409
5602, 414
5647, 426
5693, 437
5739, 438
5784, 437
5830, 438
5876, 421
5922, 414
5967, 428
6013, 449
6060, 463
6106, 471
6151, 460
6197, 431
6243, 400
6289, 396
6334, 420
6380, 431
6426, 432
6472, 426
6517, 413
6563, 402
6609, 395
6656, 442
6701, 458
6747, 453
6793, 474
6839, 450
6884, 421
6930, 408
6976, 412
7021, 423
7067, 427
7113, 428
7159, 426
7204, 421
7250, 417
7297, 418
7343, 445
7388, 447
7434, 460
7480, 463
7526, 427
7571, 408
7617, 412
7663, 413
7709, 426
7754, 433
7800, 433
7846, 434
7892, 413
7938, 410
7984, 452
8030, 438
8076, 451
8121, 457
8167, 449
8213, 419
8259, 410
8304, 417
8350, 426
8396, 431
8441, 435
8487, 431
8534, 430
8580, 411
8625, 445
8671, 428
8717, 442
8763, 453
8808, 446
8854, 414
8900, 426
8946, 429
8991, 437
9037, 437
9083, 438
9129, 441
9175, 439
9221, 435
9267, 436
9313, 452
9358, 452
9404, 447
9450, 457
9496, 434
9541, 436
9587, 430
9633, 435
9678, 452
9724, 451
9771, 440
9817, 440
9862, 438
9908, 435
9954, 440
10000, 458
10049, 454
10099, 458
10149, 432
10200, 427
10250, 435
10300, 437
10349, 440
10399, 433
10449, 431
10500, 429
10550, 425
10599, 440
10649, 457
10699, 454
10749, 465
10800, 447
10849, 427
10899, 430
10949, 434
10999, 442
11049, 445
11099, 437
11149, 432
11199, 435
11249, 435
11299, 454
11350, 458
11399, 471
11449, 447
11499, 431
11549, 430
11599, 432
11649, 447
11699, 448
11749, 442
11799, 437
11849, 430
11898, 434
11949, 458
11999, 448
12049, 457
12099, 464
12148, 442
12198, 441
12249, 442
12299, 450
12349, 454
12398, 454
12448, 449
12498, 444
12549, 440
12599, 461
12649, 461
12698, 456
12748, 470
12798, 463
12849, 425
12899, 438
12948, 447
12998, 459
13048, 463
13099, 451
13149, 448
13198, 441
13248, 439
13298, 468
13348, 457
13399, 462
13448, 473
13498, 463
13548, 443
13598, 447
13648, 455
13699, 462
13748, 465
13798, 453
13848, 448
13898, 449
13948, 445
13998, 444
14048, 472
14098, 467
14148, 470
14198, 470
14247, 451
14298, 449
14348, 454
14398, 463
14448, 464
14497, 466
14547, 457
14598, 461
14648, 458
14698, 452
14747, 469
14797, 467
14848, 474
14898, 467
14948, 461
14998, 452
15047, 451
15097, 460
15148, 464
15198, 467
15248, 459
15297, 459
15347, 451
15397, 453
15448, 444
15498, 475
15547, 462
15597, 473
15647, 465
15697, 457
15748, 456
15797, 455
15847, 470
15897, 476
15947, 473
15997, 467
16048, 461
16097, 459
16147, 451
16197, 451
16247, 463
16297, 467
16347, 474
16397, 466
16447, 459
16497, 452
16547, 460
16596, 473
16647, 473
16697, 471
16747, 466
16797, 463
16846, 457
16897, 456
16947, 452
16997, 471
17047, 464
17096, 468
17146, 464
17197, 467
17247, 462
17297, 462
17347, 472
17396, 474
17446, 473
17497, 466
17547, 464
17597, 460
17646, 455
17696, 453
17746, 473
17797, 459
17847, 466
17896, 461
17946, 460
17996, 451
18046, 461
18097, 471
18146, 473
18196, 468
18246, 467
18296, 463
18347, 464
18397, 460
18446, 470
18496, 462
18546, 465
18596, 460
18647, 461
18696, 462
18746, 457
18796, 467
18846, 469
18896, 471
18946, 465
18996, 463
19046, 460
19096, 458
19146, 450
19195, 473
19246, 457
19296, 464
19346, 462
19396, 459
19445, 462
19495, 465
19546, 470
19596, 470
19646, 469
19696, 464
19745, 462
19795, 463
19846, 454
19896, 449
19946, 466
19995, 462
20045, 463
20096, 463
20146, 449
20196, 458
20245, 462
20295, 471
20345, 470
20396, 466
20446, 466
20495, 462
20545, 462
20595, 457
20645, 465
20696, 458
20746, 464
20795, 460
20845, 450
20895, 450
20945, 455
20996, 464
21045, 461
21095, 460
21145, 461
21195, 458
21245, 460
21295, 461
21345, 471
21395, 442
21445, 456
21495, 454
21544, 449
21595, 442
21645, 446
21695, 457
21745, 457
21795, 454
21844, 448
21895, 451
21945, 451
21995, 453
22045, 464
22094, 446
22145, 455
22195, 460
22245, 446
22295, 435
22344, 442
22394, 451
22445, 456
22495, 457
22545, 444
22594, 443
22644, 452
22694, 448
22745, 454
22795, 444
22844, 452
22894, 451
22944, 448
22994, 437
23045, 436
23095, 442
23144, 456
23194, 453
23244, 441
23294, 446
23345, 441
23394, 448
23444, 446
23494, 461
23544, 445
23595, 452
23644, 455
23694, 446
23744, 438
23794, 443
23844, 452
23894, 455
23944, 448
23994, 444
24044, 441
24094, 433
24144, 432
24194, 441
24244, 456
24294, 451
24344, 453
24394, 460
24443, 443
24494, 434
24544, 432
24594, 445
24644, 444
24693, 436
24743, 436
24794, 438
24844, 433
24894, 431
24943, 453
24993, 458
25043, 459
25094, 462
25144, 448
25193, 432
25243, 429
25293, 440
25344, 441
25394, 440
25444, 436
25493, 436
25543, 430
25593, 430
25644, 447
25694, 456
25743, 455
25793, 458
25843, 455
25893, 438
25944, 434
25993, 437
26043, 438
26093, 434
26143, 438
26193, 438
26243, 437
26293, 437
26343, 437
26393, 461
26443, 459
26493, 464
26543, 458
26593, 439
26643, 434
26693, 443
26743, 444
26792, 448
26843, 447
26893, 442
26943, 444
26993, 443
27042, 435
27092, 458
27143, 463
27193, 466
27243, 464
27292, 442
27342, 435
27393, 439
27443, 444
27493, 449
27542, 447
27592, 446
27642, 438
27693, 440
27743, 431
27793, 449
27842, 462
27892, 460
27942, 461
27993, 437
28043, 432
28092, 433
28142, 441
28192, 445
28242, 446
28293, 440
28342, 440
28392, 432
28442, 424
28492, 432
28542, 456
28592, 446
28642, 455
28692, 451
28742, 431
28792, 422
28843, 427
28892, 439
28942, 440
28992, 440
29042, 441
29092, 436
29142, 433
29192, 428
29242, 447
29292, 449
29342, 453
29391, 457
29442, 450
29492, 436
29542, 440
29592, 442
29641, 442
29691, 444
29742, 445
29792, 444
29842, 437
29891, 422
29941, 423
29991, 452
30042, 451
30092, 456
30142, 453
30191, 439
30241, 438
30291, 442
30342, 446
30392, 445
30441, 445
30491, 444
30541, 438
30592, 433
30642, 442
30691, 447
30741, 447
30791, 454
30841, 455
30892, 440
30941, 437
30991, 439
31041, 445
31091, 444
31141, 448
31192, 441
31241, 441
31291, 433
31341, 447
31391, 455
31441, 449
31491, 452
31541, 451
31591, 447
31641, 436
31691, 444
31740, 444
31791, 450
31841, 449
31891, 443
31941, 443
31990, 441
32040, 451
32091, 448
32141, 451
32191, 449
32240, 442
32290, 439
32340, 440
32391, 443
32441, 448
32491, 451
32540, 443
32590, 444
32641, 446
32691, 445
32741, 457
32790, 448
32840, 448
32890, 451
32941, 448
32991, 446
33040, 446
33090, 451
33140, 450
33190, 454
33241, 454
33290, 448
33340, 450
33390, 442
33440, 451
33490, 436
33541, 439
33590, 446
33640, 443
33690, 452
33740, 453
33790, 455
33840, 455
33890, 455
33940, 453
33990, 452
34040, 448
34089, 445
34140, 454
34190, 447
34240, 447
34290, 448
34339, 455
34390, 448
34440, 443
34490, 448
34540, 455
34590, 454
34639, 453
34690, 452
34740, 448
34790, 448
34840, 454
34889, 450
34939, 447
34990, 450
35040, 451
35090, 453
35139, 451
35189, 458
35239, 455
35290, 454
35340, 454
35389, 450
35439, 443
35489, 461
35539, 452
35590, 452
35639, 450
35689, 458
35739, 451
35789, 452
35840, 451
35890, 455
35939, 453
35989, 450
36039, 453
36089, 445
36140, 449
36189, 459
36239, 446
36289, 452
36339, 457
36389, 457
36439, 453
36489, 450
36539, 456
36589, 457
36639, 453
36688, 448
36739, 451
36789, 443
36839, 452
36889, 456
36939, 445
36988, 445
37039, 451
37089, 456
37139, 445
37189, 454
37238, 454
37288, 458
37339, 456
37389, 455
37439, 453
37488, 444
37538, 443
37588, 454
37639, 444
37689, 449
37738, 451
37788, 455
37838, 451
37889, 455
37939, 453
37988, 462
38038, 459
38088, 457
38138, 455
38189, 453
38239, 442
38288, 462
38338, 443
38388, 443
38438, 456
38489, 450
38538, 450
38588, 447
38638, 457
38688, 461
38738, 463
38788, 458
38838, 453
38888, 454
38938, 447
38988, 441
39037, 454
39088, 435
39138, 445
39188, 453
39238, 456
39288, 448
39337, 449
39388, 454
39438, 459
39488, 457
39538, 455
39587, 449
39638, 444
39688, 437
39738, 451
39788, 453
39837, 448
39887, 450
39938, 455
39988, 453
40038, 443
40087, 447
40137, 454
40187, 457
40238, 454
40288, 454
40337, 446
40387, 442
40437, 447
40487, 454
40538, 453
40588, 456
40637, 459
40687, 453
40737, 448
40787, 449
40838, 453
40887, 457
40937, 455
40987, 452
41037, 445
41088, 440
41137, 470
41187, 451
41237, 440
41287, 450
41337, 456
41387, 458
41437, 446
41487, 455
41537, 459
41587, 461
41637, 463
41687, 450
41737, 455
41787, 448
41837, 461
41887, 436
41936, 444
41987, 455
42037, 463
42087, 448
42137, 452
42186, 454
42236, 457
42287, 457
42337, 453
42387, 449
42436, 444
42486, 440
42536, 463
42587, 443
42637, 453
42686, 454
42736, 457
42786, 441
42836, 445
42887, 451
42937, 455
42986, 451
43036, 446
43086, 447
43137, 440
43187, 443
43236, 462
43286, 450
43336, 451
43386, 450
43437, 455
43486, 440
43536, 445
43586, 450
43636, 450
43686, 456
43736, 453
43786, 450
43836, 446
43886, 450
43936, 460
43986, 450
44036, 456
44086, 452
44136, 448
44186, 447
44236, 447
44285, 456
44336, 456
44386, 454
44436, 454
44486, 451
44535, 443
44585, 468
44636, 450
44686, 444
44736, 453
44785, 449
44835, 447
44886, 439
44936, 441
44986, 449
45035, 450
45085, 447
45135, 448
45186, 443
45236, 449
45286, 470
45335, 450
45385, 452
45435, 457
45486, 457
45536, 436
45585, 441
45635, 446
45685, 451
45735, 448
45786, 452
45835, 448
45885, 446
45935, 448
45985, 465
46035, 446
46085, 453
46135, 455
46185, 455
46235, 445
46285, 447
46336, 448
46385, 452
46435, 454
46485, 455
46535, 450
46585, 447
46635, 448
46685, 465
46735, 440
46785, 445
46835, 458
46884, 463
46935, 447
46985, 449
47035, 453
47085, 454
47134, 451
47184, 454
47235, 451
47285, 451
47335, 444
47385, 463
47434, 439
47484, 442
47535, 458
47585, 459
47635, 444
47684, 449
47734, 451
47784, 458
47835, 452
47885, 453
47934, 449
47984, 447
48034, 454
48084, 454
48135, 459
48184, 445
48234, 458
48284, 448
48334, 448
48385, 456
48434, 454
48484, 459
48534, 455
48584, 456
48634, 455
48685, 451
48734, 449
48784, 450
48834, 456
48884, 449
48934, 458
48984, 461
49034, 439
49084, 449
49134, 451
49184, 457
49233, 452
49284, 458
49334, 456
49384, 455
49434, 453
49483, 457
49533, 449
49584, 442
49634, 460
49684, 455
49734, 459
49783, 459
49833, 461
49884, 461
49934, 459
49984, 462
50033, 462
50083, 460
50134, 458
50184, 461
50234, 442
50283, 451
50333, 452
50383, 460
50434, 451
50484, 459
50533, 459
50583, 461
50633, 459
50683, 458
50734, 457
50783, 457
50833, 464
50883, 459
50933, 439
50983, 450
51034, 448
51083, 456
51133, 455
51183, 459
51233, 457
51283, 462
51333, 456
51383, 458
51433, 458
51483, 455
51533, 455
51582, 458
51633, 446
51683, 454
51733, 448
51783, 447
51832, 452
51883, 458
51933, 458
51983, 457
52033, 457
52083, 459
52132, 458
52183, 451
52233, 451
52283, 468
52333, 448
52382, 451
52432, 444
52483, 446
52533, 448
52583, 448
52632, 460
52682, 459
52732, 460
52783, 454
52833, 463
52882, 455
52932, 457
52982, 466
53032, 454
53083, 457
53132, 453
53182, 440
53232, 446
53282, 445
53332, 453
53383, 453
53432, 452
53482, 448
53532, 449
53582, 453
53633, 452
53682, 464
53732, 440
53782, 454
53832, 446
53882, 445
53932, 440
53982, 446
54032, 451
54082, 455
54132, 454
54181, 457
54232, 454
54282, 456
54332, 459
54382, 461
54432, 449
54481, 457
54532, 449
54582, 442
54632, 444
54682, 446
54731, 452
54781, 455
54832, 455
54882, 453
54932, 451
54981, 446
55031, 450
55081, 460
55132, 447
55182, 454
55231, 450
55281, 430
55331, 445
55382, 445
55432, 454
55481, 456
55531, 447
55581, 448
55631, 457
55682, 447
55732, 448
55781, 457
55831, 449
55881, 451
55931, 452
55982, 443
56031, 442
56081, 454
56131, 456
56181, 458
56231, 455
56281, 450
56331, 449
56381, 445
56431, 454
56481, 451
56530, 452
56581, 447
56631, 443
56681, 442
56731, 441
56781, 454
56830, 455
56881, 453
56931, 459
56981, 457
57031, 456
57080, 463
57131, 464
57181, 455
57231, 451
57281, 455
57330, 439
57380, 440
57431, 445
57481, 453
57531, 457
57580, 455
57630, 456
57680, 453
57731, 452
57781, 463
57830, 447
57880, 453
57930, 455
57980, 443
58031, 451
58081, 451
58130, 456
58180, 460
58230, 457
58280, 461
58331, 460
58380, 460
58430, 462
58480, 447
58530, 459
58580, 451
58630, 442
58680, 451
58730, 453
58780, 456
58830, 459
58880, 458
58930, 456
58980, 457
59030, 467
59080, 464
59130, 451
59180, 458
59230, 455
59280, 447
59330, 447
59380, 456
59429, 466
59480, 464
59530, 460
59580, 456
59630, 460
59679, 457
59729, 461
59780, 453
59830, 465
59880, 454
59929, 446
59979, 447
60029, 459
60080, 457
60130, 461
60180, 460
60229, 457
60279, 452
60329, 448
60380, 467
60430, 447
60479, 463
60529, 457
60579, 461
60630, 442
60680, 446
60729, 458
60779, 464
60829, 460
60879, 455
60930, 457
60979, 454
61029, 463
61079, 467
61129, 463
61179, 463
61229, 457
61279, 447
61329, 446
61379, 460
61429, 460
61479, 465
61529, 461
61579, 452
61629, 455
61679, 454
61729, 453
61778, 471
61829, 459
61879, 466
61929, 466
61979, 456
62028, 449
62078, 448
62129, 459
62179, 458
62229, 454
62278, 452
62328, 451
62379, 453
62429, 454
62479, 463
62529, 465
62578, 463
62628, 464
62679, 459
62729, 450
62779, 448
62828, 448
62878, 461
62928, 457
62979, 456
63029, 448
63078, 450
63128, 446
63178, 451
63228, 464
63279, 464
63328, 466
63378, 461
63428, 456
63478, 449
63528, 453
63578, 457
63628, 461
63678, 464
63728, 455
63778, 463
63828, 454
63878, 457
63928, 464
63978, 456
64028, 451
64078, 454
64128, 443
64178, 453
64228, 453
64278, 461
64328, 461
64377, 460
64428, 459
64478, 455
64528, 452
64578, 454
64627, 463
64677, 454
64728, 455
64778, 462
64828, 446
64878, 449
64927, 455
64977, 456
65028, 466
65078, 461
65128, 458
65177, 455
65227, 453
65277, 457
65328, 470
65378, 454
65427, 457
65477, 462
65527, 447
65577, 448
65628, 453
65677, 462
65727, 460
65777, 459
65827, 461
65878, 460
65927, 461
65977, 449
66027, 464
66077, 454
66127, 468
66178, 465
66227, 452
66277, 445
66327, 453
66377, 457
66427, 454
66477, 456
66527, 457
66577, 457
66627, 456
66677, 452
66726, 469
66777, 463
66827, 466
66877, 462
66927, 449
66976, 456
67026, 458
67077, 461
67127, 466
67177, 463
67227, 466
67276, 464
67326, 461
67377, 469
67427, 459
67477, 462
67526, 462
67576, 454
67627, 460
67677, 459
67727, 465
67776, 467
67826, 465
67876, 458
67927, 462
67977, 456
68026, 470
68076, 461
68126, 466
68176, 467
68227, 456
68276, 447
68326, 455
68376, 464
68426, 465
68476, 459
68527, 459
68576, 458
68626, 458
68676, 460
68726, 463
68776, 463
68826, 446
68876, 456
68926, 457
68976, 454
69026, 461
69075, 455
69126, 452
69176, 448
69226, 453
69276, 455
69325, 448
69376, 456
69426, 453
69476, 437
69526, 442
69576, 452
69625, 457
69676, 459
69726, 454
69776, 453
69826, 452
69875, 449
69925, 446
69976, 452
70026, 452
70076, 430
70125, 435
70175, 437
70225, 450
70276, 450
70326, 447
70375, 449
70425, 440
70475, 457
70525, 441
70576, 445
70625, 457
70675, 460
70725, 447
70775, 448
70825, 452
70876, 457
70925, 452
70975, 446
71025, 437
71075, 440
71126, 449
71175, 438
71225, 438
71275, 447
71325, 451
71375, 438
71425, 441
71475, 445
71525, 450
71575, 452
71625, 440
71674, 440
71725, 431
71775, 432
71825, 444
71875, 440
71925, 440
71974, 446
72025, 438
72075, 432
72125, 431
72175, 439
72224, 442
72274, 441
72325, 437
72375, 438
72425, 434
72474, 431
72524, 435
72574, 442
72625, 436
72675, 435
72724, 449
72774, 431
72824, 429
72875, 431
72925, 436
72975, 435
73024, 432
73074, 432
73124, 427
73175, 422
73225, 412
73274, 405
73324, 428
73374, 421
73424, 425
73475, 437
73524, 428
73574, 405
73624, 411
73674, 423
73724, 422
73774, 423
73824, 424
73874, 417
73924, 408
73974, 408
74023, 420
74074, 431
74124, 428
74174, 447
74224, 413
74274, 411
74323, 412
74374, 415
74424, 419
74474, 423
74524, 420
74573, 415
74624, 408
74674, 401
74724, 404
74774, 415
74823, 423
74873, 424
74924, 431
74974, 416
75024, 403
75073, 411
75123, 416
75173, 418
75224, 417
75274, 418
75324, 409
75373, 398
75423, 397
75473, 421
75524, 420
75574, 418
75623, 421
75673, 399
75723, 404
75773, 406
75824, 403
75873, 398
75923, 404
75973, 410
76023, 396
76073, 393
76123, 401
76173, 415
76223, 423
76273, 428
76323, 413
76372, 394
76423, 390
76473, 392
76523, 383
76573, 380
76623, 389
76673, 401
76723, 391
76773, 382
76823, 384
76873, 417
76922, 415
76973, 433
77023, 401
77073, 383
77123, 381
77172, 391
77222, 390
77273, 389
77323, 392
77373, 397
77422, 387
77472, 381
77522, 388
77573, 421
77623, 418
77673, 434
77722, 417
77772, 341
77822, 347
77873, 356
77923, 360
77972, 361
78022, 363
78072, 362
78123, 352
78173, 364
78222, 363
78272, 425
78322, 420
78372, 422
78423, 429
78472, 390
78522, 353
78572, 361
78622, 376
78672, 375
78722, 373
78772, 369
78822, 360
78872, 359
78922, 360
78972, 424
79022, 426
79072, 427
79122, 438
79172, 392
79222, 376
79271, 371
79322, 385
79372, 389
79422, 379
79472, 378
79521, 376
79571, 372
79622, 371
79672, 421
79722, 431
79771, 427
79821, 440
79872, 428
79922, 386
79972, 387
80022, 394
80071, 397
80121, 391
80172, 391
80222, 387
80272, 384
80321, 372
80371, 401
80421, 427
80472, 430
80522, 445
80571, 424
80621, 385
80671, 389
80721, 388
80772, 400
80821, 394
80871, 395
80921, 391
80971, 386
81021, 382
81071, 413
81121, 431
81171, 430
81221, 445
81271, 409
81321, 378
81371, 379
81421, 390
81471, 392
81521, 393
81571, 391
81620, 381
81671, 377
81721, 405
81771, 419
81821, 423
81870, 436
81921, 427
81971, 392
82021, 386
82071, 392
82120, 399
82170, 396
82221, 393
82271, 394
82321, 377
82371, 380
82420, 414
82470, 426
82521, 428
82571, 430
82621, 410
82670, 397
82720, 400
82770, 410
82821, 414
82871, 408
82920, 400
82970, 393
83020, 395
83070, 427
83121, 426
83170, 429
83220, 428
83270, 431
83320, 411
83371, 413
83420, 424
83470, 427
83520, 426
83570, 415
83620, 407
83671, 403
83720, 437
83770, 424
83820, 423
83870, 426
83920, 416
83970, 412
84020, 414
84070, 419
84120, 424
84170, 427
84219, 414
84270, 412
84320, 405
84370, 398
84420, 412
84469, 425
84519, 424
84570, 421
84620, 423
84670, 405
84720, 406
84769, 407
84819, 411
84870, 413
84920, 404
84970, 403
85019, 391
85069, 381
85120, 415
85170, 413
85220, 413
85269, 420
85319, 421
85369, 405
85420, 398
85470, 404
85519, 406
85569, 410
85619, 401
85669, 398
85720, 394
85770, 391
85819, 415
85869, 419
85919, 417
85969, 417
86020, 411
86069, 399
86119, 403
86169, 404
86219, 404
86269, 408
86319, 404
86369, 405
86419, 400
86469, 396
86519, 412
86568, 423
86619, 418
86669, 427
86719, 416
86769, 407
86818, 408
86868, 414
86919, 412
86969, 411
87019, 411
87069, 408
87118, 404
87169, 391
87219, 405
87269, 429
87319, 431
87368, 421
87418, 415
87469, 403
87519, 407
87569, 406
87618, 407
87668, 412
87718, 412
87769, 405
87819, 401
87868, 390
87918, 422
87968, 432
88018, 428
88069, 426
88119, 415
88168, 401
88218, 397
88268, 400
88318, 405
88369, 411
88418, 407
88468, 408
88518, 390
88568, 379
88619, 416
88668, 438
88718, 437
88768, 414
88818, 419
88868, 392
88918, 395
88968, 402
89018, 403
89068, 406
89118, 405
89167, 394
89218, 385
89268, 385
89318, 426
89368, 432
89418, 436
89467, 415
89518, 409
89568, 388
89618, 392
89668, 391
89717, 397
89767, 398
89818, 397
89868, 395
89918, 389
89967, 406
90017, 427
90067, 432
90118, 423
90168, 412
90217, 386
90267, 387
90317, 393
90368, 398
90418, 396
90468, 394
90517, 390
90567, 397
90617, 403
90668, 433
90718, 427
90767, 432
90817, 417
90867, 395
90917, 397
90968, 401
91017, 406
91067, 410
91117, 404
91167, 398
91217, 399
91267, 402
91317, 428
91367, 427
91417, 432
91467, 421
91516, 397
91567, 404
91617, 409
91667, 413
91717, 412
91767, 407
91816, 411
91867, 403
91917, 407
91967, 434
92017, 430
92066, 437
92116, 424
92167, 398
92217, 402
92267, 409
92316, 404
92366, 408
92417, 406
92467, 408
92517, 403
92566, 407
92616, 432
92666, 430
92717, 429
92767, 429
92817, 406
92866, 400
92916, 401
92966, 400
93017, 402
93067, 397
93116, 404
93166, 396
93216, 412
93266, 432
93317, 426
93366, 430
93416, 418
93466, 393
93516, 390
93566, 398
93616, 401
93666, 404
93716, 401
93766, 397
93816, 381
93865, 400
93916, 437
93966, 433
94016, 435
94066, 422
94116, 388
94166, 389
94216, 391
94266, 397
94316, 395
94366, 399
94415, 392
94466, 382
94516, 389
94566, 437
94616, 430
94665, 432
94715, 419
94766, 367
94816, 392
94866, 395
94915, 404
94965, 406
95015, 404
95066, 400
95116, 399
95166, 403
95215, 438
95265, 427
95315, 423
95366, 401
95416, 395
95465, 392
95515, 405
95565, 410
95616, 410
95666, 407
95715, 405
95765, 398
95815, 422
95865, 426
95916, 427
95965, 415
96015, 400
96065, 385
96115, 389
96165, 401
96215, 401
96265, 398
96315, 399
96365, 385
96415, 399
96465, 432
96515, 430
96565, 414
96615, 400
96665, 394
96715, 392
96764, 394
96815, 393
96865, 398
96915, 396
96965, 389
97014, 399
97064, 432
97115, 425
97165, 410
97215, 405
97264, 397
97314, 388
97364, 396
97415, 396
97465, 397
97515, 394
97564, 390
97614, 385
97665, 416
97715, 431
97765, 422
97814, 416
97864, 398
97914, 383
97965, 386
98015, 390
98064, 397
98114, 394
98164, 380
98214, 368
98265, 397
98314, 436
98364, 437
98414, 428
98464, 398
98514, 383
98565, 382
98614, 386
98664, 392
98714, 396
98764, 389
98814, 376
98864, 370
98914, 372
98964, 416
99014, 434
99064, 422
99113, 418
99164, 390
99214, 368
99264, 371
99314, 376
99363, 380
99414, 378
99464, 375
99514, 368
99564, 367
99613, 365
99663, 414
99714, 435
99764, 426
99814, 425
99864, 390
99913, 363
99963, 369
100014, 364
100068, 371
100122, 367
100176, 368
100230, 366
100284, 346
100338, 339
100392, 385
100447, 422
100501, 421
100555, 398
100610, 363
100663, 366
100717, 371
100771, 374
100826, 371
100880, 369
100934, 377
100988, 364
101043, 361
101096, 366
101150, 429
101204, 429
101259, 416
101313, 367
101367, 359
101422, 365
101476, 370
101529, 373
101583, 378
101638, 375
101692, 360
101746, 359
101800, 363
101855, 392
101909, 412
101962, 411
102017, 360
102071, 344
102125, 344
102179, 349
102234, 359
102288, 354
102342, 347
102395, 341
102450, 341
102504, 343
102558, 378
102612, 404
102667, 389
102721, 362
102775, 340
102830, 332
102883, 348
102937, 357
102991, 353
103046, 353
103100, 347
103154, 343
103208, 363
103263, 396
103316, 414
103370, 376
103425, 341
103479, 336
103533, 340
103587, 348
103642, 348
103696, 351
103749, 349
103803, 345
103858, 365
103912, 395
103966, 397
104020, 383
104075, 328
104129, 336
104182, 336
104237, 338
104291, 335
104345, 339
104399, 334
104454, 334
104508, 372
104562, 403
104615, 401
104670, 380
104724, 327
104778, 334
104833, 329
104887, 339
104941, 342
104995, 344
105049, 335
105103, 360
105157, 405
105211, 404
105266, 409
105320, 335
105374, 325
105428, 342
105482, 350
105536, 348
105590, 346
105645, 341
105699, 347
105753, 408
105807, 398
105862, 407
105915, 340
105969, 327
106023, 335
106078, 346
106132, 350
106186, 345
106241, 341
106295, 387
106348, 415
106402, 405
106457, 402
106511, 347
106565, 345
106619, 345
106674, 363
106728, 365
106781, 359
106835, 353
106890, 413
106944, 409
106998, 409
107053, 408
107107, 379
107161, 353
107214, 362
107269, 371
107323, 373
107377, 367
107431, 361
107486, 418
107540, 413
107594, 409
107648, 411
107702, 393
107756, 375
107810, 384
107865, 397
107919, 395
107973, 383
108027, 380
108081, 421
108135, 419
108189, 423
108243, 422
108298, 413
108352, 382
108406, 389
108461, 399
108514, 403
108568, 393
108622, 378
108677, 413
108731, 429
108785, 431
108839, 421
108894, 408
108947, 375
109001, 384
109056, 405
109110, 406
109164, 404
109218, 386
109273, 412
109327, 430
109380, 432
109434, 430
109489, 414
109543, 392
109597, 390
109651, 388
109706, 399
109760, 396
109814, 388
109868, 385
109922, 431
109976, 435
110030, 434
110085, 416
110139, 398
110193, 399
110247, 401
110301, 409
110355, 412
110409, 408
110464, 397
110518, 427
110572, 448
110626, 444
110681, 437
110734, 412
110788, 407
110842, 411
110897, 410
110951, 414
111005, 414
111059, 410
111114, 390
111167, 430
111221, 446
111276, 445
111330, 437
111384, 425
111438, 408
111493, 406
111547, 420
111600, 418
111654, 421
111709, 403
111763, 383
111817, 429
111872, 439
111926, 441
111980, 435
112033, 410
112088, 398
112142, 405
112196, 409
112250, 407
112305, 412
112359, 403
112413, 387
112466, 401
112521, 437
112575, 444
112629, 444
112684, 429
112738, 405
112792, 403
112846, 409
112900, 416
112954, 416
113008, 406
113062, 388
113117, 384
113171, 449
113225, 450
113280, 451
113333, 450
113387, 402
113441, 393
113496, 411
113550, 416
113604, 420
113658, 408
113713, 394
113766, 392
113820, 447
113874, 453
113929, 453
113983, 443
114037, 417
114092, 402
114146, 407
114199, 422
114253, 424
114308, 419
114362, 406
114416, 402
114470, 454
114525, 457
114579, 458
114632, 442
114686, 418
114741, 405
114795, 418
114849, 428
114904, 430
114958, 424
115012, 416
115065, 426
115120, 465
115174, 461
115228, 462
115282, 436
115337, 417
115391, 408
115445, 421
115499, 432
115553, 430
115607, 421
115661, 404
115716, 462
115770, 460
115824, 464
115878, 444
115932, 440
115986, 428
116040, 433
116094, 436
116149, 440
116203, 432
116257, 415
116312, 447
116365, 445
116419, 450
116473, 457
116528, 426
116582, 404
116636, 414
116690, 424
116745, 424
116799, 424
116852, 411
116907, 445
116961, 448
117015, 447
117069, 461
117124, 441
117178, 412
117232, 410
117285, 428
117340, 421
117394, 429
117448, 413
117502, 427
117557, 448
117611, 444
117665, 456
117719, 452
117773, 424
117827, 417
117881, 421
117936, 430
117990, 427
118044, 421
118098, 414
118152, 467
118206, 449
118260, 453
118315, 459
118369, 441
118423, 412
118477, 427
118532, 430
118585, 434
118639, 424
118693, 418
118748, 416
118802, 456
118856, 448
118910, 450
118965, 454
119018, 437
119072, 419
119127, 429
119181, 436
119235, 437
119289, 429
119344, 422
119398, 429
119451, 457
119505, 452
119560, 461
119614, 462
119668, 435
119723, 423
119777, 436
119831, 443
119884, 439
119939, 432
119993, 419
120047, 444
120101, 461
120156, 458
120210, 460
120264, 458
120317, 433
120372, 426
120426, 437
120480, 442
120535, 438
120589, 431
120643, 422
120697, 435
120751, 463
120805, 465
120859, 468
120913, 457
120968, 440
121022, 443
121076, 447
121131, 453
121184, 445
121238, 447
121292, 438
121347, 417
121401, 469
121455, 465
121509, 472
121564, 465
121617, 449
121671, 439
121725, 443
121780, 444
121834, 440
121888, 441
121943, 437
121997, 425
122050, 410
122104, 474
122159, 469
122213, 471
122267, 460
122321, 449
122376, 438
122430, 443
122483, 445
122537, 447
122592, 448
122646, 442
122700, 414
122755, 446
122809, 471
122863, 471
122916, 465
122971, 453
123025, 430
123079, 427
123133, 439
123188, 443
123242, 443
123296, 435
123350, 419
123404, 414
123458, 472
123512, 473
123567, 471
123621, 457
123675, 445
123729, 429
123784, 441
123837, 443
123891, 448
123945, 446
124000, 437
124054, 422
124108, 442
124163, 468
124217, 463
124270, 474
124324, 450
124379, 445
124433, 439
124487, 445
124541, 446
124596, 446
124650, 440
124703, 439
124758, 420
124812, 441
124866, 468
124920, 471
124975, 473
125029, 446
125083, 428
125136, 437
125191, 442
125245, 444
125299, 440
125353, 443
125408, 429
125462, 427
125516, 469
125570, 476
125624, 472
125678, 450
125732, 433
125787, 415
125841, 437
125895, 441
125949, 439
