0, 462
0, 460
1, 460
1, 460
1, 461
2, 460
2, 459
2, 457
28, 460
66, 469
104, 472
145, 478
187, 470
229, 467
270, 466
312, 460
354, 458
395, 481
437, 491
479, 494
520, 489
562, 491
604, 475
645, 464
687, 461
729, 465
770, 462
812, 468
854, 467
894, 467
936, 458
978, 455
1019, 456
1065, 485
1112, 493
1158, 499
1203, 488
1249, 484
1295, 467
1341, 457
1386, 461
1432, 468
1478, 465
1524, 470
1569, 464
1615, 462
1661, 460
1708, 479
1753, 493
1799, 494
1845, 498
1890, 494
1936, 472
1982, 456
2028, 458
2073, 464
2119, 466
2165, 466
2211, 470
2256, 463
2302, 456
2349, 463
2395, 492
2440, 494
2486, 491
2532, 493
2578, 484
2623, 471
2669, 469
2715, 472
2761, 481
2806, 481
2852, 473
2898, 475
2945, 469
2990, 459
3036, 480
3082, 491
3127, 497
3173, 496
3219, 487
3265, 477
3310, 471
3356, 469
3402, 470
3448, 474
3493, 472
3539, 470
3586, 468
3632, 455
3677, 457
3723, 484
3769, 491
3815, 492
3860, 494
3906, 491
3952, 473
3998, 460
4043, 467
4089, 470
4135, 469
4182, 470
4227, 472
4273, 466
4319, 463
4365, 457
4410, 495
4456, 494
4502, 492
4547, 491
4593, 471
4639, 457
4685, 451
4730, 458
4776, 468
4823, 464
4869, 463
4914, 459
4960, 455
5006, 452
5052, 476
5097, 491
5143, 490
5189, 496
5235, 489
5280, 475
5326, 464
5372, 462
5419, 466
5464, 469
5510, 467
5556, 471
5602, 468
5647, 458
5693, 471
5739, 495
5784, 492
5830, 494
5876, 493
5922, 477
5967, 465
6013, 455
6060, 465
6106, 469
6151, 466
6197, 463
6243, 464
6289, 460
6334, 461
6380, 493
6426, 493
6472, 496
6517, 491
6563, 478
6609, 461
6656, 457
6701, 457
6747, 463
6793, 468
6839, 465
6884, 456
6930, 458
6976, 469
7021, 494
7067, 492
7113, 493
7159, 491
7204, 479
7250, 457
7297, 457
7343, 469
7388, 469
7434, 464
7480, 464
7526, 465
7571, 451
7617, 472
7663, 487
7709, 490
7754, 492
7800, 488
7846, 473
7892, 459
7938, 461
7984, 465
8030, 466
8076, 472
8121, 468
8167, 461
8213, 457
8259, 478
8304, 497
8350, 493
8396, 491
8441, 488
8487, 465
8534, 457
8580, 455
8625, 464
8671, 466
8717, 468
8763, 462
8808, 460
8854, 459
8900, 476
8946, 487
8991, 487
9037, 490
9083, 484
9129, 468
9175, 459
9221, 461
9267, 460
9313, 461
9358, 466
9404, 465
9450, 464
9496, 459
9541, 463
9587, 495
9633, 484
9678, 489
9724, 485
9771, 473
9817, 462
9862, 457
9908, 459
9954, 468
10000, 468
10049, 463
10099, 461
10149, 458
10200, 455
10250, 489
10300, 490
10349, 485
10399, 486
10449, 468
10500, 458
10550, 462
10599, 466
10649, 464
10699, 468
10749, 468
10800, 465
10849, 458
10899, 460
10949, 491
10999, 488
11049, 486
11099, 480
11149, 467
11199, 459
11249, 455
11299, 464
11350, 466
11399, 468
11449, 463
11499, 459
11549, 447
11599, 461
11649, 484
11699, 491
11749, 486
11799, 473
11849, 458
11898, 449
11949, 458
11999, 459
12049, 459
12099, 458
12148, 458
12198, 458
12249, 441
12299, 474
12349, 486
12398, 485
12448, 482
12498, 472
12549, 450
12599, 453
12649, 462
12698, 465
12748, 464
12798, 466
12849, 462
12899, 454
12948, 443
12998, 480
13048, 481
13099, 487
13149, 485
13198, 476
13248, 462
13298, 453
13348, 459
13399, 462
13448, 464
13498, 468
13548, 460
13598, 453
13648, 447
13699, 461
13748, 488
13798, 486
13848, 490
13898, 478
13948, 466
13998, 461
14048, 465
14098, 467
14148, 468
14198, 471
14247, 469
14298, 464
14348, 459
14398, 465
14448, 490
14497, 489
14547, 484
14598, 481
14648, 465
14698, 446
14747, 457
14797, 464
14848, 464
14898, 464
14948, 466
14998, 460
15047, 456
15097, 451
15148, 477
15198, 488
15248, 490
15297, 484
15347, 481
15397, 460
15448, 455
15498, 465
15547, 463
15597, 468
15647, 466
15697, 462
15748, 458
15797, 451
15847, 468
15897, 486
15947, 489
15997, 487
16048, 486
16097, 469
16147, 460
16197, 468
16247, 469
16297, 470
16347, 470
16397, 464
16447, 462
16497, 453
16547, 460
16596, 486
16647, 490
16697, 488
16747, 484
16797, 476
16846, 455
16897, 460
16947, 464
16997, 470
17047, 469
17096, 468
17146, 467
17197, 464
17247, 459
17297, 481
17347, 486
17396, 489
17446, 488
17497, 483
17547, 460
17597, 461
17646, 468
17696, 473
17746, 473
17797, 470
17847, 465
17896, 463
17946, 473
17996, 494
18046, 488
18097, 489
18146, 496
18196, 481
18246, 461
18296, 471
18347, 478
18397, 473
18446, 477
18496, 473
18546, 465
18596, 465
18647, 480
18696, 490
18746, 493
18796, 491
18846, 487
18896, 481
18946, 471
18996, 477
19046, 485
19096, 488
19146, 480
19195, 478
19246, 469
19296, 469
19346, 469
19396, 493
19445, 486
19495, 491
19546, 486
19596, 483
19646, 479
19696, 481
19745, 484
19795, 489
19846, 486
19896, 489
19946, 481
19995, 469
20045, 471
20096, 491
20146, 491
20196, 498
20245, 488
20295, 486
20345, 469
20396, 475
20446, 481
20495, 479
20545, 483
20595, 479
20645, 477
20696, 471
20746, 466
20795, 490
20845, 490
20895, 492
20945, 486
20996, 484
21045, 484
21095, 483
21145, 486
21195, 485
21245, 487
21295, 488
21345, 479
21395, 469
21445, 464
21495, 462
21544, 488
21595, 495
21645, 493
21695, 487
21745, 485
21795, 477
21844, 474
21895, 482
21945, 478
21995, 486
22045, 480
22094, 474
22145, 460
22195, 461
22245, 464
22295, 469
22344, 494
22394, 492
22445, 490
22495, 489
22545, 486
22594, 469
22644, 471
22694, 474
22745, 476
22795, 475
22844, 469
22894, 467
22944, 461
22994, 463
23045, 462
23095, 475
23144, 492
23194, 494
23244, 488
23294, 487
23345, 468
23394, 464
23444, 468
23494, 474
23544, 477
23595, 473
23644, 467
23694, 469
23744, 464
23794, 464
23844, 480
23894, 494
23944, 495
23994, 488
24044, 485
24094, 463
24144, 473
24194, 472
24244, 473
24294, 475
24344, 478
24394, 473
24443, 463
24494, 454
24544, 454
24594, 483
24644, 486
24693, 496
24743, 491
24794, 484
24844, 467
24894, 466
24943, 470
24993, 475
25043, 470
25094, 469
25144, 463
25193, 466
25243, 454
25293, 465
25344, 487
25394, 488
25444, 494
25493, 489
25543, 482
25593, 463
25644, 464
25694, 470
25743, 472
25793, 469
25843, 466
25893, 463
25944, 458
25993, 455
26043, 460
26093, 482
26143, 484
26193, 487
26243, 487
26293, 484
26343, 468
26393, 469
26443, 474
26493, 472
26543, 473
26593, 470
26643, 470
26693, 466
26743, 460
26792, 479
26843, 494
26893, 493
26943, 495
26993, 484
27042, 463
27092, 466
27143, 472
27193, 469
27243, 475
27292, 472
27342, 469
27393, 458
27443, 453
27493, 472
27542, 483
27592, 492
27642, 492
27693, 490
27743, 482
27793, 472
27842, 476
27892, 479
27942, 481
27993, 483
28043, 480
28092, 476
28142, 470
28192, 473
28242, 493
28293, 490
28342, 495
28392, 497
28442, 489
28492, 483
28542, 481
28592, 486
28642, 486
28692, 480
28742, 484
28792, 477
28843, 478
28892, 478
28942, 474
28992, 497
29042, 483
29092, 495
29142, 493
29192, 487
29242, 482
29292, 486
29342, 492
29391, 487
29442, 489
29492, 483
29542, 484
29592, 468
29641, 462
29691, 466
29742, 493
29792, 496
29842, 495
29891, 492
29941, 489
29991, 477
30042, 475
30092, 482
30142, 485
30191, 480
30241, 483
30291, 473
30342, 471
30392, 464
30441, 466
30491, 494
30541, 495
30592, 493
30642, 493
30691, 482
30741, 470
30791, 469
30841, 474
30892, 473
30941, 475
30991, 474
31041, 465
31091, 463
31141, 461
31192, 464
31241, 482
31291, 493
31341, 495
31391, 496
31441, 484
31491, 460
31541, 464
31591, 476
31641, 473
31691, 475
31740, 469
31791, 468
31841, 464
31891, 456
31941, 461
31990, 488
32040, 495
32091, 495
32141, 488
32191, 471
32240, 454
32290, 459
32340, 466
32391, 467
32441, 468
32491, 463
32540, 461
32590, 454
32641, 454
32691, 471
32741, 490
32790, 497
32840, 498
32890, 495
32941, 474
32991, 464
33040, 467
33090, 473
33140, 473
33190, 473
33241, 465
33290, 463
33340, 455
33390, 448
33440, 475
33490, 485
33541, 495
33590, 496
33640, 488
33690, 473
33740, 462
33790, 470
33840, 471
33890, 473
33940, 468
33990, 469
34040, 461
34089, 451
34140, 453
34190, 470
34240, 492
34290, 488
34339, 497
34390, 492
34440, 477
34490, 460
34540, 469
34590, 472
34639, 470
34690, 469
34740, 469
34790, 464
34840, 454
34889, 457
34939, 488
34990, 490
35040, 495
35090, 491
35139, 482
35189, 458
35239, 460
35290, 461
35340, 465
35389, 465
35439, 465
35489, 460
35539, 454
35590, 459
35639, 464
35689, 490
35739, 494
35789, 491
35840, 492
35890, 486
35939, 462
35989, 471
36039, 470
36089, 475
36140, 476
36189, 471
36239, 467
36289, 460
36339, 456
36389, 482
36439, 488
36489, 489
36539, 495
36589, 490
36639, 479
36688, 467
36739, 474
36789, 477
36839, 480
36889, 478
36939, 470
36988, 469
37039, 462
37089, 452
37139, 467
37189, 494
37238, 490
37288, 496
37339, 492
37389, 480
37439, 468
37488, 478
37538, 480
37588, 486
37639, 487
37689, 479
37738, 475
37788, 471
37838, 474
37889, 493
37939, 495
37988, 495
38038, 494
38088, 483
38138, 466
38189, 477
38239, 480
38288, 483
38338, 483
38388, 477
38438, 473
38489, 468
38538, 460
38588, 478
38638, 491
38688, 495
38738, 491
38788, 490
38838, 481
38888, 473
38938, 484
38988, 485
39037, 487
39088, 488
39138, 481
39188, 473
39238, 465
39288, 459
39337, 472
39388, 490
39438, 494
39488, 498
39538, 493
39587, 476
39638, 465
39688, 467
39738, 478
39788, 483
39837, 480
39887, 478
39938, 467
39988, 465
40038, 465
40087, 467
40137, 496
40187, 499
40238, 494
40288, 494
40337, 475
40387, 460
40437, 468
40487, 475
40538, 480
40588, 477
40637, 475
40687, 468
40737, 461
40787, 459
40838, 490
40887, 494
40937, 492
40987, 500
41037, 491
41088, 475
41137, 469
41187, 481
41237, 486
41287, 486
41337, 486
41387, 479
41437, 470
41487, 469
41537, 467
41587, 488
41637, 490
41687, 498
41737, 495
41787, 490
41837, 472
41887, 465
41936, 478
41987, 481
42037, 480
42087, 477
42137, 478
42186, 469
42236, 465
42287, 463
42337, 476
42387, 494
42436, 496
42486, 497
42536, 496
42587, 479
42637, 463
42686, 471
42736, 478
42786, 480
42836, 475
42887, 468
42937, 470
42986, 462
43036, 463
43086, 457
43137, 493
43187, 496
43236, 495
43286, 494
43336, 479
43386, 459
43437, 464
43486, 474
43536, 480
43586, 478
43636, 472
43686, 466
43736, 465
43786, 466
43836, 470
43886, 492
43936, 494
43986, 499
44036, 488
44086, 469
44136, 459
44186, 463
44236, 471
44285, 469
44336, 475
44386, 471
44436, 466
44486, 463
44535, 458
44585, 479
44636, 492
44686, 492
44736, 492
44785, 486
44835, 464
44886, 460
44936, 464
44986, 474
45035, 475
45085, 472
45135, 466
45186, 463
45236, 457
45286, 461
45335, 481
45385, 496
45435, 497
45486, 498
45536, 485
45585, 471
45635, 462
45685, 470
45735, 475
45786, 480
45835, 479
45885, 471
45935, 465
45985, 464
46035, 461
46085, 476
46135, 492
46185, 497
46235, 494
46285, 488
46336, 479
46385, 459
46435, 470
46485, 477
46535, 483
46585, 481
46635, 478
46685, 469
46735, 464
46785, 462
46835, 463
46884, 487
46935, 495
46985, 498
47035, 499
47085, 484
47134, 464
47184, 465
47235, 475
47285, 483
47335, 482
47385, 480
47434, 472
47484, 472
47535, 462
47585, 458
47635, 482
47684, 493
47734, 500
47784, 500
47835, 484
47885, 459
47934, 465
47984, 473
48034, 476
48084, 476
48135, 477
48184, 476
48234, 465
48284, 461
48334, 460
48385, 481
48434, 493
48484, 496
48534, 493
48584, 487
48634, 468
48685, 467
48734, 473
48784, 476
48834, 479
48884, 480
48934, 472
48984, 469
49034, 464
49084, 463
49134, 481
49184, 494
49233, 497
49284, 498
49334, 490
49384, 478
49434, 467
49483, 472
49533, 480
49584, 478
49634, 475
49684, 473
49734, 464
49783, 460
49833, 460
49884, 482
49934, 493
49984, 502
50033, 500
50083, 483
50134, 465
50184, 466
50234, 466
50283, 479
50333, 472
50383, 474
50434, 470
50484, 471
50533, 468
50583, 476
50633, 494
50683, 493
50734, 492
50783, 488
50833, 472
50883, 464
50933, 471
50983, 469
51034, 475
51083, 470
51133, 465
51183, 464
51233, 470
51283, 493
51333, 495
51383, 500
51433, 498
51483, 486
51533, 471
51582, 479
51633, 483
51683, 482
51733, 487
51783, 485
51832, 479
51883, 467
51933, 488
51983, 495
52033, 500
52083, 496
52132, 491
52183, 477
52233, 474
52283, 480
52333, 484
52382, 483
52432, 482
52483, 481
52533, 469
52583, 478
52632, 499
52682, 494
52732, 493
52783, 494
52833, 476
52882, 478
52932, 482
52982, 484
53032, 486
53083, 486
53132, 483
53182, 478
53232, 485
53282, 499
53332, 494
53383, 496
53432, 496
53482, 490
53532, 475
53582, 480
53633, 486
53682, 484
53732, 484
53782, 481
53832, 479
53882, 470
53932, 491
53982, 491
54032, 497
54082, 496
54132, 496
54181, 481
54232, 478
54282, 481
54332, 486
54382, 486
54432, 483
54481, 479
54532, 473
54582, 470
54632, 473
54682, 497
54731, 490
54781, 501
54832, 494
54882, 486
54932, 476
54981, 478
55031, 481
55081, 484
55132, 482
55182, 479
55231, 475
55281, 467
55331, 469
55382, 460
55432, 470
55481, 495
55531, 499
55581, 497
55631, 489
55682, 474
55732, 467
55781, 469
55831, 474
55881, 474
55931, 475
55982, 473
56031, 467
56081, 466
56131, 458
56181, 462
56231, 487
56281, 498
56331, 493
56381, 490
56431, 467
56481, 457
56530, 458
56581, 467
56631, 467
56681, 469
56731, 468
56781, 465
56830, 460
56881, 456
56931, 458
56981, 495
57031, 493
57080, 494
57131, 496
57181, 484
57231, 463
57281, 462
57330, 465
57380, 468
57431, 469
57481, 468
57531, 465
57580, 462
57630, 459
57680, 462
57731, 491
57781, 495
57830, 491
57880, 486
57930, 466
57980, 460
58031, 463
58081, 463
58130, 464
58180, 465
58230, 465
58280, 463
58331, 459
58380, 459
58430, 478
58480, 490
58530, 491
58580, 489
58630, 466
58680, 456
58730, 458
58780, 465
58830, 465
58880, 464
58930, 466
58980, 462
59030, 461
59080, 460
59130, 481
59180, 487
59230, 491
59280, 483
59330, 468
59380, 457
59429, 463
59480, 468
59530, 472
59580, 472
59630, 470
59679, 470
59729, 464
59780, 468
59830, 491
59880, 494
59929, 491
59979, 477
60029, 461
60080, 462
60130, 463
60180, 465
60229, 467
60279, 464
60329, 468
60380, 468
60430, 467
60479, 476
60529, 489
60579, 496
60630, 492
60680, 482
60729, 465
60779, 459
60829, 464
60879, 470
60930, 469
60979, 467
61029, 466
61079, 465
61129, 465
61179, 481
61229, 490
61279, 495
61329, 487
61379, 484
61429, 468
61479, 463
61529, 464
61579, 470
61629, 472
61679, 471
61729, 465
61778, 460
61829, 464
61879, 463
61929, 490
61979, 496
62028, 491
62078, 484
62129, 470
62179, 465
62229, 463
62278, 471
62328, 476
62379, 477
62429, 475
62479, 472
62529, 468
62578, 478
62628, 497
62679, 493
62729, 491
62779, 487
62828, 472
62878, 461
62928, 460
62979, 472
63029, 471
63078, 473
63128, 468
63178, 463
63228, 453
63279, 468
63328, 493
63378, 493
63428, 493
63478, 485
63528, 474
63578, 466
63628, 467
63678, 471
63728, 470
63778, 472
63828, 469
63878, 463
63928, 460
63978, 461
64028, 494
64078, 490
64128, 492
64178, 488
64228, 469
64278, 461
64328, 465
64377, 466
64428, 474
64478, 470
64528, 466
64578, 462
64627, 463
64677, 461
64728, 473
64778, 487
64828, 489
64878, 490
64927, 491
64977, 465
65028, 461
65078, 463
65128, 470
65177, 467
65227, 464
65277, 467
65328, 463
65378, 458
65427, 460
65477, 478
65527, 486
65577, 486
65628, 489
65677, 476
65727, 458
65777, 452
65827, 463
65878, 468
65927, 467
65977, 469
66027, 466
66077, 457
66127, 465
66178, 479
66227, 491
66277, 492
66327, 496
66377, 471
66427, 463
66477, 456
66527, 464
66577, 467
66627, 467
66677, 464
66726, 464
66777, 460
66827, 461
66877, 471
66927, 489
66976, 488
67026, 491
67077, 489
67127, 467
67177, 463
67227, 469
67276, 473
67326, 471
67377, 470
67427, 463
67477, 464
67526, 463
67576, 467
67627, 488
67677, 487
67727, 491
67776, 486
67826, 472
67876, 460
67927, 469
67977, 473
68026, 475
68076, 474
68126, 470
68176, 465
68227, 464
68276, 461
68326, 478
68376, 486
68426, 486
68476, 492
68527, 477
68576, 465
68626, 462
68676, 469
68726, 471
68776, 471
68826, 470
68876, 467
68926, 465
68976, 461
69026, 472
69075, 491
69126, 483
69176, 491
69226, 481
69276, 466
69325, 456
69376, 462
69426, 462
69476, 467
69526, 462
69576, 465
69625, 457
69676, 452
69726, 480
69776, 487
69826, 488
69875, 492
69925, 477
69976, 466
70026, 462
70076, 468
70125, 475
70175, 472
70225, 473
70276, 469
70326, 462
70375, 460
70425, 487
70475, 485
70525, 487
70576, 493
70625, 480
70675, 461
70725, 465
70775, 462
70825, 473
70876, 469
70925, 469
70975, 461
71025, 462
71075, 458
71126, 484
71175, 483
71225, 482
71275, 491
71325, 474
71375, 459
71425, 466
71475, 462
71525, 469
71575, 466
71625, 463
71674, 464
71725, 456
71775, 457
71825, 466
71875, 483
71925, 490
71974, 490
72025, 484
72075, 465
72125, 460
72175, 461
72224, 465
72274, 463
72325, 472
72375, 466
72425, 455
72474, 459
72524, 457
72574, 476
72625, 481
72675, 483
72724, 491
72774, 473
72824, 462
72875, 467
72925, 466
72975, 474
73024, 470
73074, 473
73124, 468
73175, 464
73225, 466
73274, 483
73324, 487
73374, 488
73424, 484
73475, 474
73524, 469
73574, 471
73624, 474
73674, 475
73724, 478
73774, 472
73824, 468
73874, 462
73924, 460
73974, 482
74023, 485
74074, 481
74124, 491
74174, 487
74224, 476
74274, 473
74323, 478
74374, 477
74424, 477
74474, 477
74524, 476
74573, 477
74624, 465
74674, 464
74724, 489
74774, 488
74823, 482
74873, 492
74924, 482
74974, 471
75024, 473
75073, 474
75123, 475
75173, 477
75224, 472
75274, 474
75324, 465
75373, 462
75423, 459
75473, 486
75524, 483
75574, 485
75623, 488
75673, 472
75723, 460
75773, 464
75824, 466
75873, 471
75923, 468
75973, 471
76023, 469
76073, 458
76123, 455
76173, 453
76223, 483
76273, 490
76323, 486
76372, 489
76423, 478
76473, 452
76523, 454
76573, 461
76623, 466
76673, 465
76723, 465
76773, 457
76823, 454
76873, 450
76922, 453
76973, 483
77023, 485
77073, 489
77123, 490
77172, 470
77222, 448
77273, 446
77323, 458
77373, 460
77422, 461
77472, 458
77522, 454
77573, 450
77623, 450
77673, 472
77722, 489
77772, 486
77822, 489
77873, 475
77923, 449
77972, 451
78022, 461
78072, 467
78123, 466
78173, 464
78222, 458
78272, 453
78322, 451
78372, 479
78423, 484
78472, 486
78522, 486
78572, 482
78622, 468
78672, 470
78722, 474
78772, 477
78822, 477
78872, 477
78922, 470
78972, 465
79022, 464
79072, 481
79122, 485
79172, 481
79222, 484
79271, 479
79322, 467
79372, 472
79422, 476
79472, 474
79521, 475
79571, 473
79622, 472
79672, 463
79722, 473
79771, 486
79821, 484
79872, 480
79922, 484
79972, 479
80022, 475
80071, 471
80121, 477
80172, 477
80222, 477
80272, 473
80321, 472
80371, 466
80421, 465
80472, 480
80522, 482
80571, 477
80621, 486
80671, 476
80721, 471
80772, 477
80821, 479
80871, 479
80921, 478
80971, 479
81021, 470
81071, 469
81121, 465
81171, 484
81221, 488
81271, 483
81321, 487
81371, 480
81421, 472
81471, 472
81521, 478
81571, 476
81620, 480
81671, 473
81721, 472
81771, 463
81821, 465
81870, 478
81921, 485
81971, 481
82021, 484
82071, 483
82120, 476
82170, 473
82221, 472
82271, 476
82321, 479
82371, 479
82420, 469
82470, 471
82521, 466
82571, 461
82621, 465
82670, 484
82720, 485
82770, 479
82821, 487
82871, 478
82920, 470
82970, 474
83020, 478
83070, 476
83121, 477
83170, 476
83220, 469
83270, 458
83320, 459
83371, 455
83420, 471
83470, 484
83520, 488
83570, 481
83620, 478
83671, 474
83720, 464
83770, 470
83820, 474
83870, 477
83920, 475
83970, 470
84020, 461
84070, 455
84120, 453
84170, 454
84219, 455
84270, 483
84320, 483
84370, 485
84420, 485
84469, 475
84519, 464
84570, 466
84620, 471
84670, 475
84720, 469
84769, 470
84819, 461
84870, 452
84920, 452
84970, 451
85019, 449
85069, 481
85120, 483
85170, 482
85220, 482
85269, 469
85319, 453
85369, 458
85420, 463
85470, 463
85519, 468
85569, 463
85619, 456
85669, 453
85720, 445
85770, 445
85819, 472
85869, 479
85919, 484
85969, 484
86020, 480
86069, 464
86119, 454
86169, 456
86219, 463
86269, 463
86319, 461
86369, 456
86419, 453
86469, 453
86519, 443
86568, 455
86619, 482
86669, 479
86719, 486
86769, 485
86818, 478
86868, 454
86919, 454
86969, 455
87019, 461
87069, 457
87118, 457
87169, 457
87219, 453
87269, 446
87319, 447
87368, 475
87418, 480
87469, 481
87519, 484
87569, 481
87618, 462
87668, 448
87718, 458
87769, 458
87819, 464
87868, 463
87918, 455
87968, 455
88018, 450
88069, 448
88119, 448
88168, 479
88218, 478
88268, 484
88318, 486
88369, 472
88418, 456
88468, 450
88518, 465
88568, 462
88619, 464
88668, 461
88718, 456
88768, 450
88818, 452
88868, 459
88918, 485
88968, 480
89018, 484
89068, 487
89118, 470
89167, 458
89218, 464
89268, 469
89318, 474
89368, 473
89418, 468
89467, 462
89518, 456
89568, 462
89618, 487
89668, 480
89717, 483
89767, 488
89818, 483
89868, 473
89918, 477
89967, 476
90017, 476
90067, 477
90118, 474
90168, 472
90217, 463
90267, 466
90317, 491
90368, 481
90418, 485
90468, 484
90517, 486
90567, 485
90617, 482
90668, 483
90718, 492
90767, 488
90817, 487
90867, 483
90917, 479
90968, 470
91017, 474
91067, 481
91117, 479
91167, 484
91217, 486
91267, 480
91317, 481
91367, 485
91417, 486
91467, 485
91516, 487
91567, 487
91617, 485
91667, 476
91717, 473
91767, 486
91816, 474
91867, 478
91917, 483
91967, 486
92017, 483
92066, 487
92116, 492
92167, 489
92217, 485
92267, 484
92316, 485
92366, 483
92417, 477
92467, 477
92517, 486
92566, 484
92616, 482
92666, 485
92717, 490
92767, 481
92817, 483
92866, 488
92916, 487
92966, 489
93017, 487
93067, 485
93116, 480
93166, 473
93216, 471
93266, 486
93317, 480
93366, 480
93416, 486
93466, 490
93516, 485
93566, 485
93616, 487
93666, 487
93716, 490
93766, 488
93816, 482
93865, 478
93916, 474
93966, 465
94016, 472
94066, 491
94116, 479
94166, 484
94216, 487
94266, 480
94316, 483
94366, 484
94415, 488
94466, 484
94516, 487
94566, 484
94616, 486
94665, 475
94715, 466
94766, 462
94816, 467
94866, 492
94915, 482
94965, 482
95015, 485
95066, 485
95116, 477
95166, 472
95215, 479
95265, 477
95315, 477
95366, 480
95416, 478
95465, 473
95515, 465
95565, 465
95616, 462
95666, 489
95715, 484
95765, 483
95815, 484
95865, 481
95916, 472
95965, 476
96015, 478
96065, 479
96115, 476
96165, 470
96215, 472
96265, 471
96315, 461
96365, 461
96415, 485
96465, 483
96515, 488
96565, 488
96615, 488
96665, 473
96715, 467
96764, 481
96815, 481
96865, 480
96915, 475
96965, 473
97014, 466
97064, 465
97115, 461
97165, 472
97215, 478
97264, 484
97314, 481
97364, 485
97415, 481
97465, 466
97515, 468
97564, 477
97614, 479
97665, 476
97715, 476
97765, 472
97814, 462
97864, 457
97914, 455
97965, 486
98015, 484
98064, 486
98114, 488
98164, 484
98214, 474
98265, 472
98314, 480
98364, 484
98414, 483
98464, 481
98514, 474
98565, 466
98614, 464
98664, 462
98714, 488
98764, 487
98814, 490
98864, 486
98914, 485
98964, 478
99014, 474
99064, 476
99113, 483
99164, 481
99214, 479
99264, 482
99314, 472
99363, 471
99414, 485
99464, 492
99514, 485
99564, 488
99613, 488
99663, 484
99714, 481
99764, 488
99814, 485
99864, 487
99913, 485
99963, 487
100014, 483
100068, 473
100122, 479
100176, 487
100230, 486
100284, 486
100338, 490
100392, 484
100447, 483
100501, 488
100555, 493
100610, 490
100663, 489
100717, 483
100771, 486
100826, 471
100880, 491
100934, 485
100988, 483
101043, 487
101096, 486
101150, 483
101204, 487
101259, 490
101313, 491
101367, 491
101422, 484
101476, 482
101529, 478
101583, 470
101638, 491
101692, 485
101746, 487
101800, 490
101855, 489
101909, 482
101962, 480
102017, 493
102071, 491
102125, 485
102179, 490
102234, 480
102288, 477
102342, 484
102395, 487
102450, 488
102504, 488
102558, 491
102612, 483
102667, 485
102721, 488
102775, 485
102830, 487
102883, 485
102937, 481
102991, 469
103046, 467
103100, 490
103154, 481
103208, 483
103263, 489
103316, 491
103370, 483
103425, 480
103479, 487
103533, 490
103587, 489
103642, 482
103696, 482
103749, 471
103803, 471
103858, 471
103912, 487
103966, 486
104020, 488
104075, 489
104129, 482
104182, 482
104237, 491
104291, 486
104345, 490
104399, 483
104454, 482
104508, 469
104562, 467
104615, 463
104670, 493
104724, 481
104778, 490
104833, 491
104887, 481
104941, 471
104995, 479
105049, 488
105103, 485
105157, 480
105211, 479
105266, 474
105320, 465
105374, 472
105428, 488
105482, 491
105536, 491
105590, 489
105645, 476
105699, 471
105753, 479
105807, 475
105862, 474
105915, 477
105969, 471
106023, 461
106078, 466
106132, 466
106186, 483
106241, 484
106295, 489
106348, 488
106402, 480
106457, 475
106511, 483
106565, 485
106619, 482
106674, 476
106728, 472
106781, 467
106835, 461
106890, 461
106944, 490
106998, 483
107053, 486
107107, 490
107161, 487
107214, 472
107269, 477
107323, 479
107377, 483
107431, 479
107486, 471
107540, 462
107594, 465
107648, 459
107702, 455
107756, 493
107810, 481
107865, 491
107919, 495
107973, 475
108027, 459
108081, 467
108135, 476
108189, 473
108243, 471
108298, 466
108352, 460
108406, 450
108461, 451
108514, 489
108568, 486
108622, 485
108677, 491
108731, 481
108785, 461
108839, 464
108894, 474
108947, 470
109001, 466
109056, 465
109110, 462
109164, 451
109218, 452
109273, 456
109327, 487
109380, 485
109434, 493
109489, 492
109543, 473
109597, 461
109651, 466
109706, 469
109760, 470
109814, 469
109868, 464
109922, 454
109976, 453
110030, 452
110085, 468
110139, 481
110193, 489
110247, 493
110301, 488
110355, 457
110409, 466
110464, 471
110518, 470
110572, 463
110626, 471
110681, 461
110734, 455
110788, 449
110842, 453
110897, 490
110951, 490
111005, 487
111059, 488
111114, 481
111167, 458
111221, 463
111276, 474
111330, 473
111384, 469
111438, 464
111493, 462
111547, 456
111600, 454
111654, 493
111709, 492
111763, 492
111817, 492
111872, 469
111926, 463
111980, 462
112033, 467
112088, 469
112142, 470
112196, 464
112250, 456
112305, 450
112359, 454
112413, 495
112466, 488
112521, 485
112575, 493
112629, 482
112684, 471
112738, 470
112792, 484
112846, 480
112900, 478
112954, 467
113008, 465
113062, 460
113117, 459
113171, 487
113225, 485
113280, 489
113333, 492
113387, 484
113441, 470
113496, 474
113550, 479
113604, 478
113658, 481
113713, 468
113766, 462
113820, 457
113874, 454
113929, 489
113983, 483
114037, 484
114092, 493
114146, 486
114199, 474
114253, 475
114308, 485
114362, 487
114416, 481
114470, 478
114525, 473
114579, 466
114632, 462
114686, 484
114741, 491
114795, 490
114849, 489
114904, 482
114958, 475
115012, 478
115065, 479
115120, 482
115174, 480
115228, 477
115282, 472
115337, 467
115391, 468
115445, 492
115499, 486
115553, 484
115607, 486
115661, 483
115716, 480
115770, 482
115824, 487
115878, 483
115932, 484
115986, 482
116040, 480
116094, 479
116149, 489
116203, 486
116257, 486
116312, 487
116365, 481
116419, 482
116473, 483
116528, 486
116582, 483
116636, 485
116690, 485
116745, 478
116799, 479
116852, 483
116907, 483
116961, 487
117015, 485
117069, 484
117124, 486
117178, 486
117232, 486
117285, 486
117340, 485
117394, 481
117448, 472
117502, 479
117557, 493
117611, 492
117665, 486
117719, 493
117773, 485
117827, 480
117881, 482
117936, 479
117990, 482
118044, 485
118098, 473
118152, 477
118206, 471
118260, 489
118315, 487
118369, 487
118423, 492
118477, 487
118532, 482
118585, 485
118639, 488
118693, 488
118748, 487
118802, 482
118856, 479
118910, 482
118965, 487
119018, 488
119072, 490
119127, 488
119181, 481
119235, 479
119289, 483
119344, 485
119398, 480
119451, 484
119505, 481
119560, 476
119614, 470
119668, 481
119723, 486
119777, 489
119831, 485
119884, 487
119939, 480
119993, 484
120047, 483
120101, 489
120156, 488
120210, 487
120264, 477
120317, 473
120372, 467
120426, 478
120480, 482
120535, 491
120589, 486
120643, 490
120697, 482
120751, 480
120805, 480
120859, 483
120913, 480
120968, 480
121022, 477
121076, 472
121131, 465
121184, 478
121238, 487
121292, 486
121347, 483
121401, 489
121455, 477
121509, 472
121564, 476
121617, 486
121671, 481
121725, 480
121780, 475
121834, 471
121888, 473
121943, 487
121997, 484
122050, 486
122104, 493
122159, 475
122213, 466
122267, 471
122321, 480
122376, 477
122430, 474
122483, 472
122537, 469
122592, 465
122646, 488
122700, 488
122755, 485
122809, 486
122863, 483
122916, 477
122971, 480
123025, 484
123079, 483
123133, 484
123188, 475
123242, 473
123296, 469
123350, 486
123404, 482
123458, 486
123512, 491
123567, 484
123621, 478
123675, 477
123729, 480
123784, 484
123837, 482
123891, 477
123945, 473
124000, 469
124054, 485
124108, 485
124163, 482
124217, 488
124270, 483
124324, 474
124379, 474
124433, 485
124487, 481
124541, 484
124596, 483
124650, 475
124703, 472
124758, 483
124812, 482
124866, 489
124920, 492
124975, 474
125029, 472
125083, 481
125136, 482
125191, 484
125245, 476
125299, 476
125353, 475
125408, 473
125462, 483
125516, 487
125570, 483
125624, 477
125678, 482
125732, 480
125787, 480
125841, 484
125895, 484
125949, 484
126003, 482
126057, 471
126111, 478
126166, 490
126220, 490
126274, 485
126328, 487
126383, 484
126436, 477
126490, 480
126544, 483
126599, 480
126653, 480
126707, 477
126761, 471
126816, 471
126869, 485
126923, 480
126978, 484
127032, 486
127086, 482
127140, 473
127195, 472
127249, 482
127302, 484
127356, 478
127411, 476
127465, 470
127519, 472
127574, 476
127628, 483
127682, 482
127735, 482
127790, 477
127844, 473
127898, 479
127952, 482
128007, 480
128061, 480
128115, 476
128168, 469
128223, 477
128277, 480
128331, 487
128386, 492
128440, 487
128494, 481
128548, 477
128602, 484
128656, 484
128710, 484
128764, 478
128819, 472
128873, 461
128927, 484
128982, 485
129035, 487
129089, 486
129143, 484
129198, 467
129252, 476
129306, 480
129360, 489
129415, 485
129468, 475
129522, 465
129576, 470
129631, 497
129685, 487
129739, 489
129794, 484
129848, 454
129901, 466
129955, 466
130010, 472
130064, 475
130118, 470
130172, 468
130227, 463
130281, 481
130334, 475
130388, 476
130443, 483
130497, 472
130551, 473
130606, 471
130660, 479
130714, 481
130768, 476
130822, 470
130876, 475
130930, 482
130984, 482
131039, 483
131093, 480
131147, 469
131202, 459
131255, 465
131309, 475
131363, 475
131418, 470
131472, 464
131526, 470
131580, 485
131635, 484
131688, 485
131742, 480
131796, 465
131851, 464
131905, 463
131959, 471
132014, 468
132068, 465
132121, 463
132175, 484
132230, 480
132284, 477
132338, 479
132392, 466
132447, 459
132501, 460
132554, 466
132609, 466
132663, 466
132717, 458
132771, 465
132826, 476
132880, 478
132934, 481
132987, 477
133042, 460
133096, 457
133150, 468
133204, 470
133259, 470
133313, 466
133367, 458
133421, 477
133475, 476
133529, 477
133583, 480
133638, 470
133692, 454
133746, 457
133800, 460
133854, 466
133908, 468
133962, 463
134017, 460
134071, 472
134125, 471
134179, 479
134234, 481
134287, 467
134341, 452
134395, 452
134450, 454
134504, 461
134558, 463
134612, 460
134667, 456
134720, 456
134774, 479
134829, 484
134883, 481
134937, 477
134991, 455
135046, 455
135100, 462
135153, 468
135207, 473
135262, 475
135316, 470
135370, 464
135425, 478
135479, 474
135533, 437
135586, 330
135641, 212
135695, 294
135749, 241
135803, 274
135858, 254
135912, 105
135966, 105
136019, 159
136074, 214
136128, 308
136182, 293
136237, 334
136291, 305
136345, 205
136399, 255
136453, 323
136507, 328
136561, 289
136615, 294
136670, 416
136724, 369
136778, 372
136833, 320
136886, 279
136940, 283
136994, 242
137049, 295
137103, 246
137157, 277
137211, 183
137266, 189
137319, 287
