0, 511
0, 512
1, 517
1, 519
1, 512
2, 516
2, 518
2, 520
28, 516
66, 516
104, 510
145, 515
187, 514
229, 515
270, 537
312, 542
354, 530
395, 527
437, 522
479, 517
520, 515
562, 516
604, 517
645, 519
687, 516
729, 515
770, 516
812, 516
854, 514
894, 515
936, 514
978, 513
1019, 527
1065, 536
1112, 539
1158, 527
1203, 521
1249, 515
1295, 516
1341, 515
1386, 517
1432, 519
1478, 516
1524, 513
1569, 513
1615, 513
1661, 517
1708, 509
1753, 515
1799, 522
1845, 516
1890, 530
1936, 537
1982, 529
2028, 523
2073, 522
2119, 518
2165, 521
2211, 520
2256, 514
2302, 516
2349, 511
2395, 517
2440, 512
2486, 515
2532, 515
2578, 515
2623, 518
2669, 517
2715, 517
2761, 529
2806, 533
2852, 523
2898, 520
2945, 515
2990, 515
3036, 517
3082, 513
3127, 519
3173, 523
3219, 517
3265, 518
3310, 517
3356, 515
3402, 518
3448, 521
3493, 526
3539, 543
3586, 534
3632, 521
3677, 519
3723, 522
3769, 519
3815, 520
3860, 516
3906, 516
3952, 517
3998, 511
4043, 518
4089, 513
4135, 515
4182, 516
4227, 512
4273, 515
4319, 534
4365, 532
4410, 528
4456, 522
4502, 518
4547, 517
4593, 519
4639, 517
4685, 517
4730, 518
4776, 516
4823, 517
4869, 509
4914, 517
4960, 510
5006, 515
5052, 512
5097, 524
5143, 531
5189, 525
5235, 521
5280, 520
5326, 523
5372, 516
5419, 514
5464, 517
5510, 521
5556, 512
5602, 510
5647, 516
5693, 520
5739, 518
5784, 513
5830, 512
5876, 512
5922, 529
5967, 533
6013, 522
6060, 523
6106, 514
6151, 523
6197, 520
6243, 523
6289, 512
6334, 512
6380, 517
6426, 519
6472, 512
6517, 517
6563, 512
6609, 512
6656, 506
6701, 508
6747, 518
6793, 517
6839, 517
6884, 518
6930, 515
6976, 517
7021, 509
7067, 517
7113, 517
7159, 514
7204, 516
7250, 517
7297, 514
7343, 512
7388, 518
7434, 519
7480, 519
7526, 518
7571, 531
7617, 532
7663, 530
7709, 524
7754, 520
7800, 516
7846, 515
7892, 522
7938, 518
7984, 517
8030, 518
8076, 513
8121, 518
8167, 516
8213, 519
8259, 516
8304, 519
8350, 536
8396, 542
8441, 540
8487, 530
8534, 523
8580, 526
8625, 521
8671, 517
8717, 519
8763, 513
8808, 520
8854, 523
8900, 518
8946, 514
8991, 518
9037, 510
9083, 527
9129, 536
9175, 529
9221, 515
9267, 520
9313, 518
9358, 513
9404, 517
9450, 515
9496, 519
9541, 513
9587, 520
9633, 520
9678, 518
9724, 516
9771, 521
9817, 520
9862, 540
9908, 531
9954, 532
10000, 515
10049, 519
10099, 517
10149, 522
10200, 522
10250, 516
10300, 518
10349, 520
10399, 525
10449, 525
10500, 520
10550, 520
10599, 521
10649, 536
10699, 533
10749, 531
10800, 524
10849, 518
10899, 521
10949, 519
10999, 527
11049, 523
11099, 521
11149, 520
11199, 518
11249, 520
11299, 523
11350, 521
11399, 516
11449, 538
11499, 541
11549, 531
11599, 520
11649, 521
11699, 517
11749, 518
11799, 520
11849, 511
11898, 515
11949, 517
11999, 516
12049, 515
12099, 517
12148, 516
12198, 517
12249, 536
12299, 529
12349, 516
12398, 520
12448, 524
12498, 515
12549, 520
12599, 520
12649, 521
12698, 521
12748, 520
12798, 521
12849, 518
12899, 521
12948, 522
12998, 546
13048, 535
13099, 530
13149, 524
13198, 520
13248, 520
13298, 522
13348, 522
13399, 515
13448, 520
13498, 525
13548, 520
13598, 519
13648, 520
13699, 520
13748, 527
13798, 543
13848, 530
13898, 526
13948, 527
13998, 519
14048, 519
14098, 519
14148, 519
14198, 526
14247, 521
14298, 518
14348, 524
14398, 520
14448, 516
14497, 522
14547, 523
14598, 542
14648, 537
14698, 520
14747, 524
14797, 525
14848, 515
14898, 520
14948, 518
14998, 525
15047, 521
15097, 522
15148, 520
15198, 520
15248, 516
15297, 514
15347, 518
15397, 544
15448, 535
15498, 521
15547, 521
15597, 513
15647, 519
15697, 514
15748, 521
15797, 520
15847, 521
15897, 514
15947, 514
15997, 516
16048, 514
16097, 520
16147, 519
16197, 543
16247, 540
16297, 528
16347, 524
16397, 522
16447, 521
16497, 514
16547, 523
16596, 519
16647, 517
16697, 521
16747, 521
16797, 518
16846, 521
16897, 518
16947, 518
16997, 533
17047, 541
17096, 516
17146, 524
17197, 523
17247, 513
17297, 516
17347, 519
17396, 513
17446, 522
17497, 521
17547, 525
17597, 516
17646, 524
17696, 512
17746, 524
17797, 534
17847, 534
17896, 527
17946, 517
17996, 522
18046, 521
18097, 519
18146, 521
18196, 521
18246, 525
18296, 520
18347, 520
18397, 518
18446, 519
18496, 521
18546, 518
18596, 536
18647, 535
18696, 519
18746, 518
18796, 513
18846, 517
18896, 518
18946, 518
18996, 517
19046, 524
19096, 524
19146, 520
19195, 516
19246, 513
19296, 517
19346, 532
19396, 535
19445, 525
19495, 518
19546, 520
19596, 519
19646, 512
19696, 516
19745, 519
19795, 523
19846, 525
19896, 515
19946, 512
19995, 524
20045, 521
20096, 526
20146, 531
20196, 519
20245, 519
20295, 517
20345, 520
20396, 516
20446, 513
20495, 521
20545, 520
20595, 522
20645, 522
20696, 519
20746, 521
20795, 532
20845, 543
20895, 530
20945, 527
20996, 524
21045, 518
21095, 523
21145, 523
21195, 514
21245, 519
21295, 525
21345, 521
21395, 518
21445, 524
21495, 513
21544, 543
21595, 544
21645, 533
21695, 521
21745, 522
21795, 517
21844, 520
21895, 522
21945, 516
21995, 521
22045, 517
22094, 516
22145, 516
22195, 523
22245, 523
22295, 523
22344, 543
22394, 539
22445, 527
22495, 521
22545, 524
22594, 520
22644, 523
22694, 516
22745, 520
22795, 518
22844, 518
22894, 525
22944, 521
22994, 522
23045, 521
23095, 520
23144, 526
23194, 535
23244, 531
23294, 516
23345, 519
23394, 519
23444, 520
23494, 519
23544, 520
23595, 520
23644, 522
23694, 519
23744, 523
23794, 519
23844, 525
23894, 521
23944, 518
23994, 535
24044, 520
24094, 526
24144, 522
24194, 516
24244, 515
24294, 522
24344, 518
24394, 522
24443, 514
24494, 512
24544, 521
24594, 517
24644, 513
24693, 520
24743, 533
24794, 539
24844, 526
24894, 522
24943, 525
24993, 517
25043, 524
25094, 516
25144, 513
25193, 525
25243, 518
25293, 519
25344, 523
25394, 520
25444, 521
25493, 521
25543, 520
25593, 538
25644, 531
25694, 515
25743, 514
25793, 518
25843, 520
25893, 517
25944, 522
25993, 521
26043, 518
26093, 520
26143, 518
26193, 519
26243, 520
26293, 517
26343, 511
26393, 515
26443, 534
26493, 529
26543, 528
26593, 523
26643, 520
26693, 524
26743, 516
26792, 519
26843, 519
26893, 514
26943, 520
26993, 525
27042, 524
27092, 512
27143, 513
27193, 517
27243, 525
27292, 515
27342, 521
27393, 521
27443, 525
27493, 521
27542, 519
27592, 519
27642, 520
27693, 515
27743, 518
27793, 521
27842, 521
27892, 512
27942, 515
27993, 518
28043, 522
28092, 519
28142, 523
28192, 520
28242, 522
28293, 521
28342, 522
28392, 517
28442, 518
28492, 515
28542, 515
28592, 520
28642, 520
28692, 522
28742, 519
28792, 516
28843, 522
28892, 521
28942, 522
28992, 520
29042, 521
29092, 524
29142, 527
29192, 520
29242, 516
29292, 524
29342, 525
29391, 524
29442, 517
29492, 518
29542, 522
29592, 521
29641, 517
29691, 525
29742, 530
29792, 526
29842, 527
29891, 524
29941, 518
29991, 524
30042, 525
30092, 526
30142, 527
30191, 526
30241, 523
30291, 522
30342, 520
30392, 522
30441, 531
30491, 523
30541, 525
30592, 524
30642, 526
30691, 521
30741, 519
30791, 526
30841, 523
30892, 526
30941, 524
30991, 523
31041, 523
31091, 525
31141, 522
31192, 538
31241, 525
31291, 525
31341, 527
31391, 526
31441, 525
31491, 525
31541, 525
31591, 523
31641, 525
31691, 524
31740, 524
31791, 525
31841, 524
31891, 521
31941, 531
31990, 538
32040, 533
32091, 528
32141, 526
32191, 525
32240, 524
32290, 529
32340, 518
32391, 525
32441, 521
32491, 521
32540, 526
32590, 525
32641, 525
32691, 522
32741, 520
32790, 521
32840, 520
32890, 525
32941, 536
32991, 534
33040, 524
33090, 522
33140, 527
33190, 526
33241, 527
33290, 525
33340, 525
33390, 523
33440, 522
33490, 522
33541, 524
33590, 522
33640, 524
33690, 526
33740, 526
33790, 523
33840, 522
33890, 537
33940, 527
33990, 529
34040, 528
34089, 524
34140, 524
34190, 524
34240, 526
34290, 525
34339, 525
34390, 521
34440, 520
34490, 522
34540, 524
34590, 518
34639, 522
34690, 523
34740, 524
34790, 528
34840, 530
34889, 530
34939, 528
34990, 522
35040, 526
35090, 526
35139, 522
35189, 519
35239, 527
35290, 522
35340, 530
35389, 519
35439, 526
35489, 527
35539, 519
35590, 527
35639, 527
35689, 534
35739, 535
35789, 528
35840, 527
35890, 528
35939, 526
35989, 526
36039, 527
36089, 522
36140, 529
36189, 525
36239, 521
36289, 531
36339, 521
36389, 527
36439, 522
36489, 525
36539, 532
36589, 532
36639, 528
36688, 527
36739, 526
36789, 535
36839, 525
36889, 521
36939, 520
36988, 522
37039, 521
37089, 523
37139, 525
37189, 521
37238, 528
37288, 523
37339, 525
37389, 536
37439, 535
37488, 527
37538, 528
37588, 521
37639, 533
37689, 522
37738, 525
37788, 530
37838, 523
37889, 519
37939, 523
37988, 527
38038, 526
38088, 519
38138, 519
38189, 526
38239, 534
38288, 524
38338, 532
38388, 527
38438, 526
38489, 522
38538, 529
38588, 521
38638, 524
38688, 517
38738, 512
38788, 515
38838, 520
38888, 516
38938, 510
38988, 517
39037, 519
39088, 518
39138, 514
39188, 525
39238, 520
39288, 523
39337, 520
39388, 516
39438, 521
39488, 522
39538, 525
39587, 521
39638, 520
39688, 519
39738, 520
39788, 521
39837, 524
39887, 531
39938, 517
39988, 523
40038, 524
40087, 521
40137, 521
40187, 522
40238, 530
40288, 518
40337, 528
40387, 517
40437, 519
40487, 524
40538, 527
40588, 525
40637, 527
40687, 517
40737, 535
40787, 527
40838, 520
40887, 517
40937, 520
40987, 523
41037, 523
41088, 524
41137, 518
41187, 517
41237, 522
41287, 521
41337, 520
41387, 514
41437, 516
41487, 525
41537, 529
41587, 533
41637, 533
41687, 528
41737, 523
41787, 520
41837, 519
41887, 521
41936, 523
41987, 516
42037, 528
42087, 520
42137, 524
42186, 518
42236, 519
42287, 521
42337, 524
42387, 524
42436, 541
42486, 535
42536, 532
42587, 534
42637, 518
42686, 524
42736, 522
42786, 528
42836, 522
42887, 523
42937, 521
42986, 520
43036, 522
43086, 523
43137, 523
43187, 524
43236, 529
43286, 541
43336, 535
43386, 525
43437, 527
43486, 523
43536, 522
43586, 523
43636, 522
43686, 525
43736, 524
43786, 522
43836, 525
43886, 520
43936, 523
43986, 523
44036, 521
44086, 523
44136, 540
44186, 531
44236, 527
44285, 528
44336, 525
44386, 524
44436, 524
44486, 523
44535, 523
44585, 525
44636, 525
44686, 524
44736, 525
44785, 524
44835, 525
44886, 523
44936, 527
44986, 541
45035, 542
45085, 535
45135, 527
45186, 526
45236, 526
45286, 523
45335, 526
45385, 524
45435, 526
45486, 522
45536, 525
45585, 518
45635, 520
45685, 522
45735, 518
45786, 542
45835, 544
45885, 526
45935, 529
45985, 530
46035, 531
46085, 525
46135, 525
46185, 522
46235, 524
46285, 523
46336, 522
46385, 526
46435, 526
46485, 526
46535, 527
46585, 526
46635, 542
46685, 541
46735, 532
46785, 531
46835, 527
46884, 529
46935, 535
46985, 527
47035, 528
47085, 530
47134, 531
47184, 522
47235, 521
47285, 530
47335, 519
47385, 527
47434, 530
47484, 544
47535, 538
47585, 529
47635, 525
47684, 523
47734, 526
47784, 530
47835, 525
47885, 527
47934, 525
47984, 529
48034, 528
48084, 528
48135, 530
48184, 528
48234, 539
48284, 540
48334, 543
48385, 531
48434, 531
48484, 528
48534, 534
48584, 527
48634, 526
48685, 526
48734, 528
48784, 525
48834, 527
48884, 531
48934, 529
48984, 529
49034, 528
49084, 539
49134, 542
49184, 543
49233, 533
49284, 528
49334, 524
49384, 527
49434, 528
49483, 528
49533, 530
49584, 529
49634, 521
49684, 526
49734, 527
49783, 521
49833, 526
49884, 528
49934, 527
49984, 531
50033, 539
50083, 543
50134, 533
50184, 526
50234, 528
50283, 529
50333, 529
50383, 527
50434, 526
50484, 525
50533, 527
50583, 523
50633, 529
50683, 526
50734, 528
50783, 519
50833, 526
50883, 523
50933, 540
50983, 535
51034, 530
51083, 532
51133, 534
51183, 526
51233, 521
51283, 527
51333, 533
51383, 526
51433, 527
51483, 526
51533, 526
51582, 525
51633, 527
51683, 527
51733, 521
51783, 521
51832, 533
51883, 536
51933, 536
51983, 529
52033, 528
52083, 527
52132, 528
52183, 525
52233, 527
52283, 521
52333, 524
52382, 522
52432, 523
52483, 526
52533, 526
52583, 519
52632, 531
52682, 538
52732, 526
52783, 522
52833, 529
52882, 529
52932, 526
52982, 527
53032, 521
53083, 524
53132, 523
53182, 516
53232, 520
53282, 516
53332, 516
53383, 523
53432, 519
53482, 525
53532, 522
53582, 528
53633, 524
53682, 521
53732, 521
53782, 527
53832, 519
53882, 520
53932, 526
53982, 522
54032, 522
54082, 522
54132, 524
54181, 519
54232, 521
54282, 526
54332, 523
54382, 522
54432, 522
54481, 522
54532, 524
54582, 519
54632, 526
54682, 522
54731, 522
54781, 520
54832, 520
54882, 523
54932, 525
54981, 522
55031, 518
55081, 538
55132, 538
55182, 528
55231, 528
55281, 525
55331, 524
55382, 523
55432, 525
55481, 520
55531, 524
55581, 522
55631, 523
55682, 520
55732, 521
55781, 521
55831, 523
55881, 528
55931, 541
55982, 534
56031, 530
56081, 525
56131, 525
56181, 519
56231, 521
56281, 523
56331, 526
56381, 524
56431, 525
56481, 526
56530, 523
56581, 520
56631, 526
56681, 524
56731, 523
56781, 530
56830, 541
56881, 534
56931, 529
56981, 523
57031, 525
57080, 523
57131, 519
57181, 521
57231, 524
57281, 522
57330, 527
57380, 524
57431, 524
57481, 526
57531, 526
57580, 525
57630, 521
57680, 525
57731, 535
57781, 534
57830, 528
57880, 520
57930, 524
57980, 523
58031, 519
58081, 525
58130, 523
58180, 525
58230, 524
58280, 527
58331, 527
58380, 518
58430, 524
58480, 527
58530, 523
58580, 523
58630, 533
58680, 529
58730, 530
58780, 531
58830, 522
58880, 523
58930, 516
58980, 523
59030, 526
59080, 529
59130, 525
59180, 518
59230, 521
59280, 522
59330, 522
59380, 523
59429, 524
59480, 535
59530, 529
59580, 528
59630, 523
59679, 527
59729, 522
59780, 522
59830, 517
59880, 527
59929, 526
59979, 524
60029, 518
60080, 521
60130, 522
60180, 524
60229, 526
60279, 531
60329, 543
60380, 538
60430, 528
60479, 529
60529, 527
60579, 526
60630, 527
60680, 528
60729, 522
60779, 528
60829, 520
60879, 527
60930, 531
60979, 519
61029, 526
61079, 529
61129, 522
61179, 534
61229, 541
61279, 536
61329, 527
61379, 521
61429, 522
61479, 529
61529, 528
61579, 528
61629, 528
61679, 520
61729, 525
61778, 526
61829, 519
61879, 526
61929, 521
61979, 517
62028, 525
62078, 544
62129, 532
62179, 528
62229, 517
62278, 526
62328, 523
62379, 521
62429, 527
62479, 527
62529, 525
62578, 524
62628, 526
62679, 529
62729, 525
62779, 528
62828, 525
62878, 525
62928, 539
62979, 537
63029, 523
63078, 529
63128, 527
63178, 522
63228, 528
63279, 523
63328, 528
63378, 525
63428, 526
63478, 523
63528, 527
63578, 527
63628, 519
63678, 524
63728, 527
63778, 525
63828, 537
63878, 546
63928, 523
63978, 527
64028, 529
64078, 526
64128, 520
64178, 529
64228, 527
64278, 520
64328, 526
64377, 525
64428, 524
64478, 530
64528, 524
64578, 527
64627, 526
64677, 528
64728, 526
64778, 543
64828, 540
64878, 528
64927, 526
64977, 527
65028, 529
65078, 522
65128, 521
65177, 522
65227, 526
65277, 525
65328, 525
65378, 528
65427, 526
65477, 521
65527, 527
65577, 525
65628, 526
65677, 524
65727, 525
65777, 539
65827, 539
65878, 533
65927, 527
65977, 529
66027, 526
66077, 524
66127, 526
66178, 525
66227, 525
66277, 528
66327, 526
66377, 527
66427, 529
66477, 525
66527, 525
66577, 526
66627, 527
66677, 527
66726, 534
66777, 541
66827, 531
66877, 532
66927, 529
66976, 528
67026, 526
67077, 525
67127, 525
67177, 526
67227, 527
67276, 526
67326, 523
67377, 526
67427, 529
67477, 527
67526, 521
67576, 529
67627, 539
67677, 540
67727, 529
67776, 525
67826, 532
67876, 525
67927, 527
67977, 531
68026, 527
68076, 524
68126, 524
68176, 532
68227, 526
68276, 526
68326, 526
68376, 523
68426, 524
68476, 530
68527, 524
68576, 538
68626, 534
68676, 530
68726, 525
68776, 531
68826, 524
68876, 520
68926, 520
68976, 531
69026, 525
69075, 528
69126, 526
69176, 524
69226, 527
69276, 527
69325, 524
69376, 525
69426, 519
69476, 527
69526, 540
69576, 538
69625, 526
69676, 527
69726, 530
69776, 524
69826, 520
69875, 526
69925, 532
69976, 525
70026, 527
70076, 527
70125, 531
70175, 529
70225, 522
70276, 527
70326, 528
70375, 527
70425, 528
70475, 539
70525, 535
70576, 530
70625, 531
70675, 532
70725, 521
70775, 528
70825, 528
70876, 526
70925, 528
70975, 524
71025, 526
71075, 527
71126, 524
71175, 526
71225, 522
71275, 527
71325, 530
71375, 538
71425, 536
71475, 528
71525, 532
71575, 530
71625, 532
71674, 530
71725, 527
71775, 526
71825, 531
71875, 525
71925, 524
71974, 527
72025, 522
72075, 524
72125, 523
72175, 528
72224, 528
72274, 530
72325, 537
72375, 533
72425, 529
72474, 528
72524, 527
72574, 525
72625, 529
72675, 527
72724, 525
72774, 531
72824, 531
72875, 525
72925, 532
72975, 526
73024, 529
73074, 532
73124, 530
73175, 529
73225, 532
73274, 543
73324, 524
73374, 525
73424, 529
73475, 526
73524, 529
73574, 524
73624, 530
73674, 528
73724, 527
73774, 530
73824, 527
73874, 534
73924, 527
73974, 528
74023, 526
74074, 527
74124, 530
74174, 541
74224, 537
74274, 524
74323, 533
74374, 530
74424, 521
74474, 527
74524, 525
74573, 531
74624, 530
74674, 522
74724, 524
74774, 527
74823, 524
74873, 525
74924, 529
74974, 524
75024, 527
75073, 539
75123, 531
75173, 530
75224, 531
75274, 524
75324, 524
75373, 529
75423, 526
75473, 525
75524, 527
75574, 519
75623, 529
75673, 530
75723, 527
75773, 529
75824, 525
75873, 527
75923, 529
75973, 531
76023, 546
76073, 543
76123, 528
76173, 527
76223, 533
76273, 523
76323, 530
76372, 529
76423, 524
76473, 526
76523, 529
76573, 524
76623, 526
76673, 529
76723, 533
76773, 531
76823, 525
76873, 527
76922, 528
76973, 543
77023, 535
77073, 529
77123, 529
77172, 527
77222, 528
77273, 531
77323, 526
77373, 527
77422, 529
77472, 526
77522, 530
77573, 529
77623, 527
77673, 524
77722, 530
77772, 528
77822, 532
77873, 542
77923, 528
77972, 533
78022, 530
78072, 531
78123, 528
78173, 532
78222, 528
78272, 526
78322, 528
78372, 527
78423, 530
78472, 526
78522, 532
78572, 528
78622, 526
78672, 529
78722, 529
78772, 535
78822, 543
78872, 539
78922, 529
78972, 531
79022, 529
79072, 526
79122, 526
79172, 528
79222, 527
79271, 529
79322, 526
79372, 527
79422, 524
79472, 527
79521, 526
79571, 527
79622, 526
79672, 524
79722, 524
79771, 537
79821, 534
79872, 525
79922, 526
79972, 530
80022, 530
80071, 527
80121, 530
80172, 529
80222, 527
80272, 525
80321, 531
80371, 526
80421, 527
80472, 523
80522, 528
80571, 530
80621, 524
80671, 534
80721, 540
80772, 528
80821, 532
80871, 530
80921, 529
80971, 528
81021, 534
81071, 526
81121, 527
81171, 532
81221, 530
81271, 526
81321, 529
81371, 528
81421, 520
81471, 526
81521, 525
81571, 524
81620, 544
81671, 530
81721, 530
81771, 530
81821, 526
81870, 530
81921, 533
81971, 526
82021, 525
82071, 528
82120, 527
82170, 531
82221, 527
82271, 526
82321, 527
82371, 531
82420, 518
82470, 527
82521, 528
82571, 540
82621, 532
82670, 527
82720, 528
82770, 529
82821, 530
82871, 527
82920, 530
82970, 529
83020, 523
83070, 523
83121, 530
83170, 527
83220, 522
83270, 526
83320, 527
83371, 530
83420, 526
83470, 531
83520, 533
83570, 531
83620, 528
83671, 525
83720, 532
83770, 522
83820, 524
83870, 522
83920, 529
83970, 524
84020, 518
84070, 525
84120, 530
84170, 523
84219, 526
84270, 524
84320, 528
84370, 528
84420, 534
84469, 528
84519, 529
84570, 525
84620, 530
84670, 531
84720, 523
84769, 535
84819, 526
84870, 524
84920, 527
84970, 522
85019, 526
85069, 526
85120, 528
85170, 528
85220, 536
85269, 534
85319, 524
85369, 527
85420, 523
85470, 529
85519, 524
85569, 523
85619, 523
85669, 526
85720, 528
85770, 525
85819, 528
85869, 523
85919, 525
85969, 524
86020, 530
86069, 540
86119, 540
86169, 532
86219, 526
86269, 531
86319, 532
86369, 531
86419, 527
86469, 521
86519, 522
86568, 525
86619, 530
86669, 525
86719, 519
86769, 524
86818, 526
86868, 524
86919, 532
86969, 535
87019, 530
87069, 523
87118, 535
87169, 531
87219, 531
87269, 534
87319, 524
87368, 527
87418, 530
87469, 527
87519, 521
87569, 523
87618, 521
87668, 528
87718, 528
87769, 536
87819, 530
87868, 530
87918, 529
87968, 527
88018, 523
88069, 529
88119, 523
88168, 527
88218, 533
88268, 533
88318, 534
88369, 530
88418, 528
88468, 529
88518, 532
88568, 543
88619, 542
88668, 534
88718, 528
88768, 529
88818, 525
88868, 528
88918, 526
88968, 527
89018, 527
89068, 530
89118, 526
89167, 527
89218, 535
89268, 528
89318, 537
89368, 544
89418, 543
89467, 536
89518, 535
89568, 536
89618, 528
89668, 527
89717, 529
89767, 523
89818, 530
89868, 527
89918, 531
89967, 533
90017, 530
90067, 523
90118, 526
90168, 532
90217, 544
90267, 544
90317, 533
90368, 528
90418, 528
90468, 528
90517, 532
90567, 529
90617, 531
90668, 529
90718, 523
90767, 527
90817, 527
90867, 527
90917, 526
90968, 529
91017, 525
91067, 526
91117, 536
91167, 547
91217, 542
91267, 531
91317, 534
91367, 527
91417, 530
91467, 532
91516, 529
91567, 522
91617, 523
91667, 523
91717, 532
91767, 525
91816, 526
91867, 524
91917, 529
91967, 525
92017, 543
92066, 541
92116, 522
92167, 529
92217, 528
92267, 525
92316, 529
92366, 525
92417, 528
92467, 527
92517, 529
92566, 526
92616, 527
92666, 531
92717, 525
92767, 529
92817, 524
92866, 544
92916, 538
92966, 525
93017, 516
93067, 519
93116, 516
93166, 514
93216, 523
93266, 518
93317, 518
93366, 520
93416, 515
93466, 512
93516, 516
93566, 522
93616, 521
93666, 532
93716, 539
93766, 530
93816, 518
93865, 519
93916, 521
93966, 527
94016, 528
94066, 513
94116, 521
94166, 522
94216, 522
94266, 527
94316, 525
94366, 513
94415, 515
94466, 532
94516, 534
94566, 520
94616, 511
94665, 513
94715, 515
94766, 519
94816, 511
94866, 516
94915, 515
94965, 520
95015, 515
95066, 512
95116, 508
95166, 517
95215, 523
95265, 531
95315, 528
95366, 517
95416, 517
95465, 519
95515, 515
95565, 514
95616, 512
95666, 515
95715, 509
95765, 511
95815, 509
95865, 509
95916, 531
95965, 533
96015, 524
96065, 515
96115, 517
96165, 514
96215, 519
96265, 515
96315, 516
96365, 511
96415, 512
96465, 516
96515, 507
96565, 515
96615, 517
96665, 526
96715, 530
96764, 520
96815, 519
96865, 523
96915, 515
96965, 516
97014, 523
97064, 517
97115, 517
97165, 515
97215, 513
97264, 517
97314, 521
97364, 533
97415, 534
97465, 531
97515, 523
97564, 521
97614, 521
97665, 517
97715, 515
97765, 514
97814, 515
97864, 516
97914, 512
97965, 517
98015, 530
98064, 535
98114, 532
98164, 528
98214, 518
98265, 517
98314, 518
98364, 519
98414, 516
98464, 517
98514, 510
98565, 507
98614, 509
98664, 513
98714, 532
98764, 535
98814, 530
98864, 511
98914, 511
98964, 508
99014, 512
99064, 510
99113, 514
99164, 514
99214, 514
99264, 514
99314, 514
99363, 518
99414, 521
99464, 537
99514, 532
99564, 526
99613, 526
99663, 524
99714, 521
99764, 523
99814, 521
99864, 521
99913, 522
99963, 519
100014, 521
100068, 526
100122, 522
100176, 521
100230, 532
100284, 538
100338, 522
100392, 523
100447, 521
100501, 524
100555, 521
100610, 524
100663, 524
100717, 522
100771, 520
100826, 524
100880, 520
100934, 520
100988, 519
101043, 520
101096, 528
101150, 520
101204, 519
101259, 519
101313, 517
101367, 521
101422, 522
101476, 525
101529, 524
101583, 518
101638, 525
101692, 523
101746, 524
101800, 520
101855, 524
101909, 522
101962, 524
102017, 523
102071, 525
102125, 530
102179, 524
102234, 528
102288, 525
102342, 524
102395, 522
102450, 521
102504, 524
102558, 529
102612, 522
102667, 525
102721, 525
102775, 520
102830, 522
102883, 525
102937, 499
102991, 465
103046, 377
103100, 449
103154, 471
103208, 510
103263, 503
103316, 515
103370, 507
103425, 502
103479, 508
103533, 510
103587, 508
103642, 513
103696, 511
103749, 518
103803, 512
103858, 512
103912, 517
103966, 521
104020, 514
104075, 511
104129, 513
104182, 518
104237, 514
104291, 521
104345, 514
104399, 515
104454, 511
104508, 510
104562, 503
104615, 510
104670, 505
104724, 506
104778, 511
104833, 511
104887, 509
104941, 518
104995, 512
105049, 517
105103, 512
105157, 515
105211, 514
105266, 516
105320, 516
105374, 516
105428, 517
105482, 514
105536, 518
105590, 510
105645, 516
105699, 511
105753, 512
105807, 516
105862, 515
105915, 514
105969, 514
106023, 519
106078, 515
106132, 517
106186, 509
106241, 516
106295, 514
106348, 513
106402, 521
106457, 510
106511, 514
106565, 524
106619, 520
106674, 520
106728, 517
106781, 511
106835, 517
106890, 517
106944, 517
106998, 510
107053, 518
107107, 514
107161, 513
107214, 517
107269, 517
107323, 521
107377, 516
107431, 513
107486, 516
107540, 517
107594, 515
107648, 510
107702, 516
107756, 519
107810, 510
107865, 517
107919, 516
107973, 518
108027, 516
108081, 520
108135, 525
108189, 521
108243, 515
108298, 522
108352, 523
108406, 520
108461, 522
108514, 524
108568, 526
108622, 522
108677, 522
108731, 522
108785, 517
108839, 522
108894, 522
108947, 527
109001, 529
109056, 523
109110, 521
109164, 521
109218, 519
109273, 528
109327, 521
109380, 522
109434, 520
109489, 518
109543, 517
109597, 523
109651, 527
109706, 523
109760, 523
109814, 521
109868, 527
109922, 533
109976, 520
110030, 519
110085, 514
110139, 519
110193, 518
110247, 523
110301, 520
110355, 521
110409, 526
110464, 517
110518, 524
110572, 522
110626, 522
110681, 526
110734, 522
110788, 529
110842, 528
110897, 528
110951, 525
111005, 524
111059, 521
111114, 521
111167, 520
111221, 523
111276, 521
111330, 519
111384, 522
111438, 521
111493, 520
111547, 517
111600, 531
111654, 535
111709, 523
111763, 521
111817, 522
111872, 520
111926, 523
111980, 526
112033, 520
112088, 524
112142, 516
112196, 520
112250, 520
112305, 520
112359, 521
112413, 527
112466, 532
112521, 517
112575, 522
112629, 519
112684, 523
112738, 516
112792, 525
112846, 519
112900, 520
112954, 521
113008, 521
113062, 522
113117, 528
113171, 518
113225, 523
113280, 527
113333, 528
113387, 525
113441, 520
113496, 522
113550, 520
113604, 522
113658, 520
113713, 526
113766, 525
113820, 524
113874, 523
113929, 527
113983, 524
114037, 522
114092, 520
114146, 534
114199, 526
114253, 523
114308, 521
114362, 517
114416, 522
114470, 518
114525, 520
114579, 525
114632, 521
114686, 520
114741, 520
114795, 524
114849, 521
114904, 523
114958, 521
115012, 519
115065, 522
115120, 522
115174, 523
115228, 520
115282, 523
115337, 517
115391, 519
115445, 521
115499, 526
115553, 521
115607, 522
115661, 525
115716, 522
115770, 521
115824, 533
115878, 528
115932, 521
115986, 518
116040, 521
116094, 516
116149, 518
116203, 517
116257, 526
116312, 521
116365, 523
116419, 521
116473, 522
116528, 520
116582, 526
116636, 527
116690, 525
116745, 521
116799, 520
116852, 523
116907, 518
116961, 520
117015, 515
117069, 521
117124, 521
117178, 522
117232, 523
117285, 520
117340, 521
117394, 523
117448, 524
117502, 525
117557, 535
117611, 520
117665, 528
117719, 521
117773, 523
117827, 524
117881, 521
117936, 520
117990, 523
118044, 520
118098, 524
118152, 523
118206, 521
118260, 522
118315, 524
118369, 521
118423, 520
118477, 531
118532, 521
118585, 522
118639, 521
118693, 521
118748, 527
118802, 523
118856, 519
118910, 522
118965, 519
119018, 522
119072, 523
119127, 525
119181, 525
119235, 522
119289, 520
119344, 522
119398, 531
119451, 526
119505, 524
119560, 521
119614, 519
119668, 525
119723, 523
119777, 523
119831, 518
119884, 525
119939, 523
119993, 523
120047, 521
120101, 523
120156, 517
120210, 525
120264, 527
120317, 533
120372, 524
120426, 526
120480, 525
120535, 524
120589, 523
120643, 527
120697, 519
120751, 522
120805, 522
120859, 522
120913, 524
120968, 521
121022, 524
121076, 523
121131, 527
121184, 535
121238, 525
121292, 524
121347, 525
121401, 522
121455, 525
121509, 522
121564, 516
121617, 521
121671, 526
121725, 524
121780, 520
121834, 521
121888, 517
121943, 523
121997, 528
122050, 525
122104, 521
122159, 527
122213, 522
122267, 524
122321, 525
122376, 524
122430, 522
122483, 525
122537, 524
122592, 524
122646, 519
122700, 522
122755, 520
122809, 526
122863, 534
122916, 525
122971, 526
123025, 521
123079, 530
123133, 522
123188, 527
123242, 525
123296, 519
123350, 521
123404, 523
123458, 523
123512, 527
123567, 526
123621, 533
123675, 530
123729, 522
123784, 522
123837, 526
123891, 529
123945, 522
124000, 524
124054, 522
124108, 523
124163, 521
124217, 522
124270, 524
124324, 525
124379, 522
124433, 528
124487, 539
124541, 529
124596, 525
124650, 522
124703, 526
124758, 527
124812, 525
124866, 523
124920, 517
124975, 520
125029, 521
125083, 527
125136, 525
125191, 524
125245, 524
125299, 525
125353, 532
125408, 531
125462, 525
125516, 527
125570, 526
125624, 525
125678, 521
125732, 526
125787, 527
125841, 524
125895, 525
125949, 525
126003, 529
126057, 530
126111, 527
126166, 529
126220, 525
126274, 525
126328, 536
126383, 526
126436, 519
126490, 528
126544, 526
126599, 527
126653, 522
126707, 525
126761, 522
126816, 526
126869, 519
126923, 520
126978, 523
127032, 526
127086, 521
127140, 525
127195, 526
127249, 528
127302, 519
127356, 526
127411, 524
127465, 529
127519, 525
127574, 525
127628, 524
127682, 529
127735, 525
127790, 523
127844, 525
127898, 528
127952, 525
128007, 528
128061, 527
128115, 527
128168, 523
128223, 525
128277, 526
128331, 525
128386, 528
128440, 521
128494, 524
128548, 520
128602, 526
128656, 526
128710, 526
128764, 524
128819, 535
128873, 531
128927, 528
128982, 522
129035, 524
129089, 524
129143, 529
129198, 523
129252, 524
129306, 527
129360, 527
129415, 523
129468, 527
129522, 529
129576, 525
129631, 526
129685, 535
129739, 529
129794, 525
129848, 526
129901, 525
129955, 525
130010, 519
130064, 527
130118, 521
130172, 531
130227, 523
130281, 523
130334, 529
130388, 520
130443, 523
130497, 527
130551, 536
130606, 539
130660, 526
130714, 529
130768, 522
130822, 528
130876, 529
130930, 524
130984, 523
131039, 527
131093, 526
131147, 521
131202, 526
131255, 526
131309, 523
131363, 524
131418, 521
131472, 536
131526, 538
131580, 529
131635, 524
131688, 529
131742, 525
131796, 529
131851, 528
131905, 528
131959, 526
132014, 524
132068, 526
132121, 527
132175, 528
132230, 528
132284, 522
132338, 531
132392, 533
132447, 528
132501, 529
132554, 526
132609, 523
132663, 527
132717, 532
132771, 522
132826, 533
132880, 528
132934, 521
132987, 524
133042, 529
133096, 527
133150, 527
133204, 525
133259, 536
133313, 530
133367, 531
133421, 528
133475, 527
133529, 529
133583, 528
133638, 526
133692, 525
133746, 524
133800, 528
133854, 526
133908, 526
133962, 525
134017, 526
134071, 536
134125, 540
134179, 526
134234, 526
134287, 522
134341, 523
134395, 527
134450, 522
134504, 528
134558, 529
134612, 527
134667, 524
134720, 528
134774, 525
134829, 525
134883, 526
134937, 539
134991, 539
135046, 527
135100, 527
135153, 532
135207, 524
135262, 525
135316, 524
135370, 521
135425, 533
135479, 524
135533, 523
135586, 526
135641, 527
135695, 521
135749, 528
135803, 536
135858, 531
135912, 527
135966, 527
136019, 526
136074, 532
136128, 524
136182, 527
136237, 530
136291, 526
136345, 522
136399, 529
136453, 528
136507, 527
136561, 531
136615, 530
136670, 520
136724, 521
136778, 529
136833, 526
136886, 526
136940, 526
136994, 530
137049, 527
137103, 521
137157, 528
137211, 526
137266, 528
137319, 529
137373, 540
137427, 533
137482, 529
137536, 520
137590, 522
137645, 524
137699, 521
137753, 530
137806, 524
137861, 525
137915, 525
137969, 524
138023, 525
138078, 523
138132, 535
138186, 535
138240, 526
138294, 523
138348, 524
138402, 526
138457, 523
138511, 527
138565, 524
138619, 523
138673, 526
138727, 525
138781, 525
138835, 523
138890, 527
138944, 525
138998, 534
139053, 530
139106, 529
139160, 526
139214, 523
139269, 528
139323, 521
139377, 527
139431, 520
139486, 527
139539, 523
139593, 521
139648, 529
139702, 523
139756, 531
139810, 526
139865, 535
139919, 542
139972, 528
140026, 527
140081, 522
140135, 526
140189, 526
140243, 526
140298, 521
140352, 525
140405, 527
140460, 527
140514, 524
140568, 525
140622, 527
140677, 525
140731, 529
140785, 530
140838, 538
140893, 528
140947, 523
141001, 528
141056, 520
141110, 529
141164, 525
141218, 529
141272, 529
141326, 528
141380, 526
141434, 524
141489, 524
141543, 527
141597, 534
141651, 537
141705, 528
141759, 526
141813, 525
141868, 527
141922, 524
141976, 528
142030, 528
142085, 526
142138, 526
142192, 527
142246, 530
142301, 528
142355, 528
142409, 532
142464, 534
142518, 523
142571, 525
142625, 529
142680, 527
142734, 529
142788, 525
142842, 519
142897, 526
142951, 526
143004, 526
143058, 527
143113, 525
143167, 521
143221, 527
143276, 531
143330, 539
143384, 527
143437, 527
143492, 526
143546, 523
143600, 527
143654, 526
143709, 523
143763, 523
143817, 526
143870, 525
143925, 530
143979, 530
144033, 528
144088, 524
144142, 534
144196, 532
144250, 526
144304, 528
144358, 524
144412, 528
144466, 527
144521, 526
144575, 525
144629, 530
144684, 523
144738, 530
144791, 521
144845, 525
144900, 531
144954, 526
145008, 523
145062, 534
145117, 536
145171, 530
145224, 529
145278, 524
145333, 529
145387, 526
145441, 529
145496, 526
145550, 524
145604, 527
145657, 524
145712, 524
145766, 526
145820, 526
145874, 529
145929, 529
145983, 528
146037, 536
146091, 530
146145, 528
146199, 526
146253, 527
146308, 521
146362, 530
146416, 526
146470, 527
146524, 531
146578, 526
146632, 522
146686, 527
146741, 530
146795, 528
146849, 543
146904, 535
146957, 526
147011, 520
147065, 514
147120, 519
147174, 519
147228, 524
147282, 526
147337, 523
147390, 519
147444, 523
147499, 524
147553, 521
147607, 523
147661, 527
147716, 541
147770, 524
147823, 524
147877, 524
147932, 524
147986, 522
148040, 520
148094, 522
148149, 523
148203, 519
148256, 519
148311, 521
148365, 523
148419, 522
148473, 523
148528, 523
148582, 534
148636, 524
148689, 523
148744, 520
148798, 527
148852, 517
148907, 523
148961, 525
149015, 514
149069, 523
149123, 515
149177, 519
149231, 524
149285, 521
149340, 518
149394, 527
149448, 528
149502, 523
149556, 515
149610, 515
149664, 519
149719, 518
149773, 521
149827, 516
149881, 522
149936, 522
149989, 519
150043, 517
150097, 521
150152, 519
150206, 527
150260, 522
150315, 520
150369, 519
150422, 512
150476, 517
150531, 518
150585, 519
150639, 521
150693, 515
150748, 515
150802, 521
150855, 523
150909, 523
150964, 523
151018, 533
151072, 528
151127, 521
151181, 520
151235, 518
151288, 519
151343, 519
151397, 518
151451, 514
151505, 515
151560, 514
151614, 520
151668, 520
151723, 518
151776, 520
151830, 514
151884, 527
151939, 531
151993, 519
152047, 520
152101, 515
152156, 511
152209, 516
152263, 513
152317, 520
152372, 522
152426, 516
152480, 514
152535, 521
152589, 513
152642, 519
152696, 514
152751, 517
152805, 529
152859, 532
152913, 526
152968, 518
153022, 519
153075, 514
153129, 513
153184, 516
153238, 516
153292, 514
153347, 519
153401, 515
153455, 514
153508, 516
153563, 519
153617, 515
153671, 511
153725, 527
153780, 529
153834, 519
153888, 515
153942, 518
153996, 517
154050, 518
154104, 514
154159, 520
154213, 522
154267, 520
154321, 519
154375, 521
154429, 524
154483, 521
154537, 516
154592, 519
154646, 528
154700, 517
154755, 518
154808, 516
154862, 521
154916, 514
154971, 511
155025, 516
155079, 518
155133, 519
155188, 514
155241, 520
155295, 519
155350, 520
155404, 519
155458, 525
155512, 522
155567, 518
155621, 518
155674, 518
155728, 520
155783, 515
155837, 516
155891, 515
155945, 516
156000, 520
156054, 522
156107, 519
156162, 522
156216, 517
156270, 520
156324, 521
156379, 525
156433, 521
156487, 520
156540, 520
156595, 517
156649, 518
156703, 518
156758, 517
156812, 523
156866, 523
156920, 521
156974, 522
157028, 517
157082, 519
157136, 516
157191, 517
157245, 521
157299, 521
157353, 519
157407, 521
157461, 520
157515, 513
157570, 525
157624, 524
157678, 519
157732, 523
157787, 517
157840, 531
157894, 529
157948, 514
158003, 518
158057, 519
158111, 515
158166, 515
158220, 517
158274, 517
158327, 522
158382, 528
158436, 525
158490, 525
158544, 526
158599, 537
158653, 539
158707, 521
158760, 512
158815, 514
158869, 515
158923, 518
158978, 523
159032, 518
159086, 518
159140, 518
159194, 515
159248, 518
159302, 518
159356, 529
159411, 531
159465, 526
159519, 523
159574, 521
159627, 522
159681, 527
159735, 529
159790, 526
159844, 525
159898, 528
159952, 529
160007, 525
160060, 525