0, 504
0, 506
1, 503
1, 502
1, 507
2, 502
2, 497
2, 502
28, 505
66, 493
104, 493
145, 490
187, 485
229, 487
270, 477
312, 476
354, 475
395, 473
437, 480
479, 480
520, 473
562, 474
604, 470
645, 476
687, 476
729, 485
770, 505
812, 512
854, 502
894, 499
936, 492
978, 489
1019, 489
1065, 484
1112, 488
1158, 475
1203, 478
1249, 476
1295, 474
1341, 478
1386, 477
1432, 475
1478, 477
1524, 475
1569, 467
1615, 490
1661, 503
1708, 507
1753, 505
1799, 490
1845, 476
1890, 475
1936, 466
1982, 463
2028, 467
2073, 463
2119, 461
2165, 468
2211, 471
2256, 466
2302, 453
2349, 452
2395, 477
2440, 502
2486, 506
2532, 507
2578, 486
2623, 482
2669, 471
2715, 469
2761, 477
2806, 463
2852, 463
2898, 462
2945, 463
2990, 460
3036, 480
3082, 482
3127, 496
3173, 509
3219, 513
3265, 486
3310, 474
3356, 475
3402, 478
3448, 471
3493, 469
3539, 474
3586, 477
3632, 480
3677, 476
3723, 473
3769, 474
3815, 480
3860, 480
3906, 497
3952, 496
3998, 488
4043, 484
4089, 486
4135, 479
4182, 478
4227, 480
4273, 480
4319, 477
4365, 477
4410, 475
4456, 465
4502, 468
4547, 468
4593, 469
4639, 477
4685, 484
4730, 485
4776, 485
4823, 481
4869, 489
4914, 478
4960, 483
5006, 484
5052, 482
5097, 478
5143, 469
5189, 474
5235, 480
5280, 476
5326, 473
5372, 475
5419, 486
5464, 484
5510, 483
5556, 503
5602, 498
5647, 499
5693, 490
5739, 493
5784, 497
5830, 487
5876, 480
5922, 482
5967, 480
6013, 480
6060, 481
6106, 484
6151, 487
6197, 480
6243, 486
6289, 485
6334, 486
6380, 486
6426, 501
6472, 498
6517, 486
6563, 496
6609, 487
6656, 487
6701, 487
6747, 487
6793, 494
6839, 487
6884, 489
6930, 481
6976, 484
7021, 486
7067, 486
7113, 485
7159, 482
7204, 483
7250, 490
7297, 493
7343, 502
7388, 498
7434, 496
7480, 497
7526, 491
7571, 497
7617, 495
7663, 486
7709, 484
7754, 481
7800, 488
7846, 488
7892, 488
7938, 485
7984, 489
8030, 483
8076, 489
8121, 489
8167, 483
8213, 501
8259, 504
8304, 503
8350, 511
8396, 506
8441, 500
8487, 498
8534, 506
8580, 498
8625, 494
8671, 493
8717, 494
8763, 493
8808, 488
8854, 490
8900, 487
8946, 479
8991, 477
9037, 475
9083, 495
9129, 495
9175, 497
9221, 492
9267, 497
9313, 500
9358, 496
9404, 502
9450, 489
9496, 486
9541, 486
9587, 489
9633, 485
9678, 483
9724, 491
9771, 482
9817, 491
9862, 482
9908, 494
9954, 497
10000, 503
10049, 500
10099, 502
10149, 501
10200, 497
10250, 484
10300, 486
10349, 483
10399, 485
10449, 482
10500, 483
10550, 486
10599, 485
10649, 481
10699, 482
10749, 497
10800, 499
10849, 503
10899, 499
10949, 499
10999, 496
11049, 487
11099, 490
11149, 483
11199, 493
11249, 490
11299, 487
11350, 483
11399, 483
11449, 483
11499, 483
11549, 494
11599, 495
11649, 498
11699, 493
11749, 496
11799, 498
11849, 489
11898, 485
11949, 488
11999, 485
12049, 488
12099, 488
12148, 486
12198, 484
12249, 481
12299, 481
12349, 482
12398, 494
12448, 493
12498, 496
12549, 496
12599, 497
12649, 497
12698, 496
12748, 497
12798, 487
12849, 489
12899, 491
12948, 490
12998, 490
13048, 488
13099, 484
13149, 489
13198, 486
13248, 488
13298, 498
13348, 500
13399, 500
13448, 498
13498, 500
13548, 499
13598, 499
13648, 495
13699, 496
13748, 495
13798, 494
13848, 487
13898, 488
13948, 489
13998, 490
14048, 488
14098, 491
14148, 491
14198, 502
14247, 501
14298, 502
14348, 504
14398, 506
14448, 502
14497, 506
14547, 506
14598, 503
14648, 503
14698, 501
14747, 499
14797, 498
14848, 496
14898, 492
14948, 494
14998, 494
15047, 496
15097, 502
15148, 506
15198, 507
15248, 506
15297, 509
15347, 503
15397, 509
15448, 504
15498, 495
15547, 499
15597, 498
15647, 497
15697, 498
15748, 495
15797, 497
15847, 497
15897, 497
15947, 493
15997, 495
16048, 503
16097, 505
16147, 508
16197, 506
16247, 509
16297, 506
16347, 504
16397, 507
16447, 499
16497, 499
16547, 500
16596, 499
16647, 501
16697, 498
16747, 498
16797, 497
16846, 496
16897, 496
16947, 496
16997, 504
17047, 509
17096, 505
17146, 507
17197, 507
17247, 505
17297, 505
17347, 501
17396, 498
17446, 501
17497, 500
17547, 499
17597, 500
17646, 500
17696, 500
17746, 496
17797, 497
17847, 498
17896, 504
17946, 512
17996, 509
18046, 506
18097, 507
18146, 506
18196, 503
18246, 499
18296, 501
18347, 499
18397, 500
18446, 501
18496, 500
18546, 503
18596, 499
18647, 497
18696, 495
18746, 499
18796, 513
18846, 512
18896, 509
18946, 511
18996, 508
19046, 511
19096, 504
19146, 505
19195, 504
19246, 504
19296, 503
19346, 504
19396, 504
19445, 505
19495, 500
19546, 501
19596, 500
19646, 507
19696, 514
19745, 513
19795, 517
19846, 517
19896, 514
19946, 509
19995, 510
20045, 510
20096, 509
20146, 509
20196, 509
20245, 506
20295, 506
20345, 504
20396, 508
20446, 510
20495, 517
20545, 517
20595, 514
20645, 513
20696, 513
20746, 515
20795, 510
20845, 507
20895, 510
20945, 508
20996, 508
21045, 505
21095, 507
21145, 506
21195, 515
21245, 510
21295, 511
21345, 512
21395, 517
21445, 519
21495, 519
21544, 517
21595, 516
21645, 514
21695, 515
21745, 509
21795, 512
21844, 510
21895, 509
21945, 516
21995, 523
22045, 525
22094, 520
22145, 520
22195, 520
22245, 517
22295, 520
22344, 515
22394, 512
22445, 510
22495, 510
22545, 510
22594, 511
22644, 510
22694, 511
22745, 513
22795, 518
22844, 521
22894, 520
22944, 523
22994, 519
23045, 517
23095, 521
23144, 516
23194, 519
23244, 512
23294, 510
23345, 514
23394, 510
23444, 511
23494, 515
23544, 512
23595, 510
23644, 510
23694, 518
23744, 519
23794, 525
23844, 523
23894, 519
23944, 519
23994, 518
24044, 522
24094, 519
24144, 516
24194, 518
24244, 521
24294, 520
24344, 518
24394, 520
24443, 517
24494, 513
24544, 512
24594, 513
24644, 521
24693, 525
24743, 524
24794, 520
24844, 520
24894, 515
24943, 516
24993, 519
25043, 520
25094, 518
25144, 519
25193, 517
25243, 516
25293, 514
25344, 513
25394, 512
25444, 514
25493, 511
25543, 518
25593, 515
25644, 520
25694, 520
25743, 517
25793, 519
25843, 518
25893, 521
25944, 518
25993, 517
26043, 513
26093, 512
26143, 515
26193, 513
26243, 511
26293, 512
26343, 515
26393, 512
26443, 514
26493, 516
26543, 519
26593, 520
26643, 518
26693, 520
26743, 517
26792, 518
26843, 515
26893, 519
26943, 511
26993, 513
27042, 512
27092, 509
27143, 510
27193, 510
27243, 513
27292, 516
27342, 516
27393, 518
27443, 518
27493, 516
27542, 516
27592, 509
27642, 508
27693, 513
27743, 512
27793, 508
27842, 509
27892, 505
27942, 509
27993, 510
28043, 513
28092, 516
28142, 515
28192, 517
28242, 517
28293, 513
28342, 516
28392, 516
28442, 509
28492, 506
28542, 508
28592, 510
28642, 508
28692, 505
28742, 505
28792, 510
28843, 515
28892, 514
28942, 514
28992, 517
29042, 512
29092, 515
29142, 508
29192, 505
29242, 509
29292, 509
29342, 510
29391, 506
29442, 507
29492, 505
29542, 513
29592, 515
29641, 512
29691, 514
29742, 515
29792, 514
29842, 512
29891, 508
29941, 505
29991, 508
30042, 508
30092, 509
30142, 507
30191, 511
30241, 514
30291, 514
30342, 513
30392, 511
30441, 516
30491, 516
30541, 514
30592, 508
30642, 505
30691, 504
30741, 508
30791, 506
30841, 509
30892, 505
30941, 507
30991, 504
31041, 510
31091, 511
31141, 513
31192, 517
31241, 512
31291, 512
31341, 505
31391, 506
31441, 507
31491, 507
31541, 505
31591, 504
31641, 508
31691, 504
31740, 503
31791, 512
31841, 512
31891, 513
31941, 512
31990, 516
32040, 516
32091, 515
32141, 508
32191, 505
32240, 508
32290, 502
32340, 508
32391, 506
32441, 508
32491, 500
32540, 503
32590, 501
32641, 508
32691, 515
32741, 512
32790, 514
32840, 513
32890, 507
32941, 505
32991, 503
33040, 504
33090, 505
33140, 504
33190, 503
33241, 502
33290, 502
33340, 500
33390, 499
33440, 500
33490, 501
33541, 504
33590, 516
33640, 513
33690, 516
33740, 513
33790, 508
33840, 507
33890, 503
33940, 503
33990, 504
34040, 504
34089, 501
34140, 497
34190, 498
34240, 502
34290, 500
34339, 498
34390, 502
34440, 511
34490, 511
34540, 509
34590, 514
34639, 506
34690, 506
34740, 505
34790, 504
34840, 505
34889, 505
34939, 503
34990, 501
35040, 496
35090, 500
35139, 499
35189, 498
35239, 511
35290, 511
35340, 512
35389, 506
35439, 505
35489, 505
35539, 504
35590, 507
35639, 501
35689, 500
35739, 498
35789, 500
35840, 498
35890, 496
35939, 501
35989, 500
36039, 509
36089, 512
36140, 508
36189, 505
36239, 506
36289, 502
36339, 503
36389, 504
36439, 504
36489, 505
36539, 501
36589, 499
36639, 500
36688, 501
36739, 511
36789, 514
36839, 513
36889, 515
36939, 513
36988, 508
37039, 505
37089, 504
37139, 502
37189, 505
37238, 501
37288, 504
37339, 502
37389, 501
37439, 516
37488, 510
37538, 512
37588, 515
37639, 512
37689, 505
37738, 506
37788, 508
37838, 507
37889, 504
37939, 509
37988, 506
38038, 506
38088, 507
38138, 512
38189, 516
38239, 515
38288, 513
38338, 508
38388, 508
38438, 505
38489, 505
38538, 503
38588, 507
38638, 505
38688, 504
38738, 502
38788, 505
38838, 513
38888, 514
38938, 511
38988, 516
39037, 513
39088, 511
39138, 510
39188, 507
39238, 506
39288, 504
39337, 507
39388, 509
39438, 508
39488, 504
39538, 513
39587, 512
39638, 517
39688, 517
39738, 515
39788, 515
39837, 513
39887, 512
39938, 507
39988, 507
40038, 509
40087, 509
40137, 509
40187, 508
40238, 511
40288, 515
40337, 512
40387, 518
40437, 519
40487, 517
40538, 516
40588, 509
40637, 508
40687, 513
40737, 508
40787, 506
40838, 507
40887, 506
40937, 507
40987, 506
41037, 509
41088, 508
41137, 516
41187, 516
41237, 518
41287, 516
41337, 516
41387, 513
41437, 508
41487, 507
41537, 506
41587, 511
41637, 513
41687, 510
41737, 509
41787, 504
41837, 504
41887, 503
41936, 505
41987, 513
42037, 513
42087, 514
42137, 513
42186, 510
42236, 508
42287, 507
42337, 506
42387, 509
42436, 506
42486, 506
42536, 503
42587, 505
42637, 505
42686, 509
42736, 513
42786, 513
42836, 513
42887, 510
42937, 509
42986, 511
43036, 510
43086, 505
43137, 507
43187, 505
43236, 506
43286, 508
43336, 503
43386, 507
43437, 512
43486, 513
43536, 512
43586, 513
43636, 511
43686, 510
43736, 510
43786, 511
43836, 509
43886, 509
43936, 509
43986, 510
44036, 509
44086, 509
44136, 510
44186, 509
44236, 517
44285, 515
44336, 517
44386, 516
44436, 514
44486, 516
44535, 512
44585, 512
44636, 512
44686, 513
44736, 512
44785, 509
44835, 509
44886, 510
44936, 508
44986, 508
45035, 512
45085, 516
45135, 521
45186, 518
45236, 520
45286, 516
45335, 517
45385, 510
45435, 511
45486, 513
45536, 510
45585, 511
45635, 511
45685, 512
45735, 510
45786, 509
45835, 506
45885, 509
45935, 513
45985, 515
46035, 515
46085, 509
46135, 511
46185, 511
46235, 515
46285, 514
46336, 512
46385, 510
46435, 507
46485, 507
46535, 503
46585, 500
46635, 504
46685, 508
46735, 508
46785, 513
46835, 515
46884, 514
46935, 513
46985, 514
47035, 509
47085, 506
47134, 509
47184, 508
47235, 510
47285, 511
47335, 508
47385, 509
47434, 507
47484, 510
47535, 507
47585, 508
47635, 511
47684, 513
47734, 514
47784, 517
47835, 515
47885, 518
47934, 514
47984, 514
48034, 516
48084, 515
48135, 515
48184, 516
48234, 510
48284, 508
48334, 508
48385, 508
48434, 512
48484, 516
48534, 516
48584, 515
48634, 518
48685, 517
48734, 517
48784, 516
48834, 517
48884, 516
48934, 514
48984, 510
49034, 508
49084, 510
49134, 508
49184, 511
49233, 515
49284, 518
49334, 518
49384, 521
49434, 518
49483, 517
49533, 516
49584, 518
49634, 516
49684, 512
49734, 510
49783, 510
49833, 507
49884, 509
49934, 510
49984, 505
50033, 505
50083, 514
50134, 520
50184, 521
50234, 519
50283, 520
50333, 519
50383, 517
50434, 516
50484, 514
50533, 508
50583, 509
50633, 508
50683, 506
50734, 505
50783, 503
50833, 502
50883, 512
50933, 512
50983, 517
51034, 515
51083, 514
51133, 515
51183, 505
51233, 508
51283, 507
51333, 505
51383, 505
51433, 503
51483, 504
51533, 504
51582, 506
51633, 518
51683, 513
51733, 514
51783, 515
51832, 516
51883, 513
51933, 515
51983, 515
52033, 521
52083, 516
52132, 507
52183, 497
52233, 496
52283, 499
52333, 503
52382, 506
52432, 508
52483, 514
52533, 508
52583, 498
52632, 496
52682, 497
52732, 493
52783, 490
52833, 489
52882, 489
52932, 488
52982, 497
53032, 499
53083, 503
53132, 502
53182, 501
53232, 500
53282, 497
53332, 498
53383, 501
53432, 496
53482, 480
53532, 445
53582, 450
53633, 463
53682, 462
53732, 459
53782, 459
53832, 469
53882, 474
53932, 464
53982, 462
54032, 447
54082, 447
54132, 452
54181, 458
54232, 461
54282, 460
54332, 461
54382, 461
54432, 456
54481, 450
54532, 451
54582, 452
54632, 471
54682, 476
54731, 473
54781, 475
54832, 475
54882, 477
54932, 484
54981, 483
55031, 483
55081, 489
55132, 484
55182, 492
55231, 489
55281, 490
55331, 491
55382, 491
55432, 494
55481, 502
55531, 504
55581, 505
55631, 497
55682, 484
55732, 484
55781, 479
55831, 480
55881, 480
55931, 469
55982, 470
56031, 457
56081, 459
56131, 463
56181, 461
56231, 465
56281, 473
56331, 478
56381, 478
56431, 479
56481, 488
56530, 483
56581, 458
56631, 446
56681, 442
56731, 447
56781, 451
56830, 452
56881, 453
56931, 460
56981, 471
57031, 472
57080, 478
57131, 477
57181, 471
57231, 451
57281, 451
57330, 457
57380, 449
57431, 453
57481, 454
57531, 451
57580, 451
57630, 457
57680, 457
57731, 455
57781, 453
57830, 456
57880, 453
57930, 462
57980, 457
58031, 465
58081, 465
58130, 474
58180, 477
58230, 475
58280, 478
58331, 472
58380, 481
58430, 469
58480, 474
58530, 474
58580, 477
58630, 477
58680, 473
58730, 481
58780, 485
58830, 495
58880, 492
58930, 494
58980, 494
59030, 497
59080, 495
59130, 496
59180, 498
59230, 490
59280, 494
59330, 494
59380, 488
59429, 490
59480, 497
59530, 498
59580, 499
59630, 499
59679, 497
59729, 496
59780, 494
59830, 495
59880, 495
59929, 491
59979, 496
60029, 494
60080, 499
60130, 496
60180, 496
60229, 496
60279, 495
60329, 493
60380, 497
60430, 496
60479, 501
60529, 499
60579, 494
60630, 501
60680, 501
60729, 498
60779, 496
60829, 496
60879, 496
60930, 492
60979, 494
61029, 493
61079, 495
61129, 498
61179, 500
61229, 496
61279, 496
61329, 494
61379, 495
61429, 499
61479, 501
61529, 500
61579, 494
61629, 495
61679, 490
61729, 497
61778, 506
61829, 508
61879, 502
61929, 506
61979, 506
62028, 503
62078, 502
62129, 501
62179, 496
62229, 499
62278, 499
62328, 499
62379, 503
62429, 501
62479, 505
62529, 510
62578, 506
62628, 509
62679, 507
62729, 501
62779, 492
62828, 495
62878, 496
62928, 502
62979, 495
63029, 498
63078, 500
63128, 499
63178, 505
63228, 512
63279, 511
63328, 508
63378, 511
63428, 506
63478, 505
63528, 501
63578, 504
63628, 504
63678, 499
63728, 505
63778, 501
63828, 507
63878, 498
63928, 505
63978, 509
64028, 510
64078, 510
64128, 516
64178, 514
64228, 515
64278, 513
64328, 509
64377, 505
64428, 503
64478, 504
64528, 504
64578, 506
64627, 503
64677, 501
64728, 502
64778, 500
64828, 504
64878, 506
64927, 518
64977, 516
65028, 516
65078, 516
65128, 513
65177, 512
65227, 505
65277, 504
65328, 507
65378, 505
65427, 509
65477, 509
65527, 503
65577, 501
65628, 504
65677, 506
65727, 504
65777, 504
65827, 513
65878, 519
65927, 520
65977, 523
66027, 518
66077, 510
66127, 507
66178, 506
66227, 508
66277, 506
66327, 502
66377, 499
66427, 500
66477, 507
66527, 504
66577, 508
66627, 507
66677, 506
66726, 505
66777, 519
66827, 513
66877, 520
66927, 518
66976, 510
67026, 509
67077, 510
67127, 505
67177, 507
67227, 506
67276, 505
67326, 506
67377, 504
67427, 503
67477, 505
67526, 501
67576, 503
67627, 504
67677, 515
67727, 512
67776, 514
67826, 512
67876, 512
67927, 514
67977, 516
68026, 509
68076, 505
68126, 506
68176, 504
68227, 502
68276, 502
68326, 501
68376, 502
68426, 504
68476, 510
68527, 516
68576, 519
68626, 523
68676, 518
68726, 515
68776, 513
68826, 502
68876, 501
68926, 501
68976, 506
69026, 500
69075, 505
69126, 499
69176, 498
69226, 503
69276, 495
69325, 501
69376, 512
69426, 516
69476, 514
69526, 515
69576, 513
69625, 504
69676, 509
69726, 508
69776, 504
69826, 507
69875, 505
69925, 504
69976, 499
70026, 516
70076, 520
70125, 525
70175, 521
70225, 520
70276, 514
70326, 515
70375, 503
70425, 511
70475, 508
70525, 507
70576, 502
70625, 505
70675, 506
70725, 523
70775, 528
70825, 521
70876, 521
70925, 523
70975, 515
71025, 511
71075, 506
71126, 510
71175, 507
71225, 506
71275, 504
71325, 506
71375, 505
71425, 509
71475, 522
71525, 518
71575, 518
71625, 522
71674, 517
71725, 518
71775, 516
71825, 503
71875, 508
71925, 500
71974, 504
72025, 505
72075, 505
72125, 504
72175, 502
72224, 515
72274, 519
72325, 513
72375, 523
72425, 520
72474, 512
72524, 513
72574, 516
72625, 512
72675, 504
72724, 507
72774, 502
72824, 503
72875, 496
72925, 504
72975, 500
73024, 499
73074, 497
73124, 502
73175, 512
73225, 521
73274, 516
73324, 512
73374, 516
73424, 513
73475, 511
73524, 504
73574, 508
73624, 502
73674, 504
73724, 501
73774, 508
73824, 501
73874, 503
73924, 501
73974, 497
74023, 497
74074, 496
74124, 518
74174, 510
74224, 514
74274, 513
74323, 516
74374, 515
74424, 507
74474, 508
74524, 508
74573, 514
74624, 507
74674, 508
74724, 502
74774, 503
74823, 508
74873, 503
74924, 502
74974, 497
75024, 511
75073, 512
75123, 510
75173, 516
75224, 519
75274, 515
75324, 513
75373, 511
75423, 508
75473, 506
75524, 506
75574, 512
75623, 511
75673, 508
75723, 506
75773, 506
75824, 497
75873, 503
75923, 520
75973, 516
76023, 516
76073, 519
76123, 515
76173, 510
76223, 495
76273, 500
76323, 495
76372, 497
76423, 498
76473, 500
76523, 496
76573, 492
76623, 491
76673, 494
76723, 496
76773, 494
76823, 509
76873, 502
76922, 491
76973, 487
77023, 488
77073, 492
77123, 488
77172, 490
77222, 491
77273, 490
77323, 487
77373, 488
77422, 493
77472, 486
77522, 485
77573, 488
77623, 512
77673, 506
77722, 510
77772, 508
77822, 501
77873, 497
77923, 499
77972, 502
78022, 499
78072, 495
78123, 491
78173, 487
78222, 484
78272, 480
78322, 494
78372, 515
78423, 513
78472, 515
78522, 515
78572, 512
78622, 505
78672, 499
78722, 496
78772, 498
78822, 496
78872, 497
78922, 497
78972, 491
79022, 498
79072, 513
79122, 517
79172, 518
79222, 517
79271, 510
79322, 512
79372, 510
79422, 509
79472, 507
79521, 501
79571, 503
79622, 498
79672, 500
79722, 497
79771, 517
79821, 518
79872, 517
79922, 519
79972, 513
80022, 508
80071, 497
80121, 499
80172, 501
80222, 503
80272, 500
80321, 502
80371, 503
80421, 502
80472, 503
80522, 519
80571, 516
80621, 517
80671, 521
80721, 517
80772, 514
80821, 505
80871, 508
80921, 506
80971, 502
81021, 501
81071, 498
81121, 503
81171, 496
81221, 504
81271, 499
81321, 497
81371, 499
81421, 499
81471, 517
81521, 518
81571, 522
81620, 520
81671, 523
81721, 515
81771, 504
81821, 502
81870, 501
81921, 502
81971, 501
82021, 505
82071, 501
82120, 500
82170, 500
82221, 505
82271, 500
82321, 498
82371, 500
82420, 514
82470, 526
82521, 524
82571, 517
82621, 515
82670, 520
82720, 501
82770, 503
82821, 505
82871, 500
82920, 501
82970, 500
83020, 501
83070, 501
83121, 502
83170, 503
83220, 493
83270, 497
83320, 520
83371, 525
83420, 522
83470, 523
83520, 518
83570, 502
83620, 501
83671, 501
83720, 501
83770, 495
83820, 492
83870, 488
83920, 488
83970, 488
84020, 489
84070, 495
84120, 513
84170, 520
84219, 514
84270, 516
84320, 509
84370, 502
84420, 499
84469, 502
84519, 491
84570, 502
84620, 500
84670, 501
84720, 492
84769, 495
84819, 487
84870, 484
84920, 498
84970, 517
85019, 515
85069, 517
85120, 512
85170, 500
85220, 493
85269, 495
85319, 493
85369, 494
85420, 497
85470, 491
85519, 493
85569, 503
85619, 496
85669, 491
85720, 497
85770, 512
85819, 514
85869, 512
85919, 508
85969, 495
86020, 496
86069, 496
86119, 501
86169, 502
86219, 488
86269, 497
86319, 497
86369, 500
86419, 498
86469, 495
86519, 498
86568, 507
86619, 511
86669, 507
86719, 508
86769, 498
86818, 493
86868, 497
86919, 501
86969, 499
87019, 499
87069, 496
87118, 490
87169, 496
87219, 493
87269, 494
87319, 517
87368, 510
87418, 515
87469, 509
87519, 508
87569, 495
87618, 492
87668, 498
87718, 495
87769, 496
87819, 494
87868, 492
87918, 496
87968, 492
88018, 492
88069, 499
88119, 510
88168, 510
88218, 511
88268, 508
88318, 496
88369, 500
88418, 493
88468, 498
88518, 494
88568, 496
88619, 497
88668, 491
88718, 496
88768, 492
88818, 491
88868, 517
88918, 518
88968, 511
89018, 516
89068, 509
89118, 503
89167, 503
89218, 497
89268, 492
89318, 492
89368, 497
89418, 493
89467, 493
89518, 494
89568, 495
89618, 488
89668, 494
89717, 509
89767, 515
89818, 517
89868, 514
89918, 510
89967, 508
90017, 492
90067, 495
90118, 497
90168, 494
90217, 498
90267, 490
90317, 496
90368, 485
90418, 494
90468, 492
90517, 489
90567, 481
90617, 483
90668, 493
90718, 497
90767, 504
90817, 505
90867, 507
90917, 507
90968, 502
91017, 490
91067, 497
91117, 490
91167, 492
91217, 487
91267, 491
91317, 489
91367, 490
91417, 488
91467, 491
91516, 488
91567, 485
91617, 487
91667, 500
91717, 498
91767, 502
91816, 499
91867, 499
91917, 495
91967, 487
92017, 487
92066, 485
92116, 483
92167, 487
92217, 486
92267, 489
92316, 486
92366, 489
92417, 489
92467, 485
92517, 476
92566, 488
92616, 500
92666, 507
92717, 501
92767, 505
92817, 496
92866, 481
92916, 489
92966, 487
93017, 488
93067, 487
93116, 494
93166, 493
93216, 491
93266, 489
93317, 484
93366, 487
93416, 489
93466, 497
93516, 499
93566, 498
93616, 502
93666, 494
93716, 487
93766, 496
93816, 492
93865, 486
93916, 489
93966, 492
94016, 485
94066, 482
94116, 489
94166, 490
94216, 506
94266, 496
94316, 496
94366, 503
94415, 503
94466, 489
94516, 482
94566, 487
94616, 492
94665, 491
94715, 485
94766, 490
94816, 484
94866, 489
94915, 490
94965, 502
95015, 498
95066, 496
95116, 503
95166, 501
95215, 490
95265, 491
95315, 477
95366, 480
95416, 485
95465, 488
95515, 483
95565, 484
95616, 482
95666, 493
95715, 499
95765, 497
95815, 498
95865, 500
95916, 492
95965, 485
96015, 481
96065, 480
96115, 481
96165, 482
96215, 480
96265, 482
96315, 478
96365, 473
96415, 481
96465, 492
96515, 493
96565, 494
96615, 495
96665, 490
96715, 482
96764, 487
96815, 476
96865, 484
96915, 483
96965, 481
97014, 478
97064, 482
97115, 477
97165, 476
97215, 497
97264, 496
97314, 491
97364, 495
97415, 493
97465, 486
97515, 486
97564, 486
97614, 478
97665, 482
97715, 479
97765, 480
97814, 474
97864, 481
97914, 483
97965, 474
98015, 497
98064, 497
98114, 494
98164, 490
98214, 491
98265, 486
98314, 474
98364, 478
98414, 477
98464, 478
98514, 476
98565, 471
98614, 469
98664, 472
98714, 472
98764, 475
98814, 470
98864, 490
98914, 493
98964, 491
99014, 490
99064, 490
99113, 493
99164, 487
99214, 481
99264, 478
99314, 478
99363, 474
99414, 468
99464, 477
99514, 478
99564, 476
99613, 473
99663, 470
99714, 474
99764, 469
99814, 491
99864, 490
99913, 487
99963, 484
100014, 480
100068, 476
100122, 480
100176, 473
100230, 476
100284, 465
100338, 466
100392, 463
100447, 456
100501, 463
100555, 458
100610, 454
100663, 463
100717, 479
100771, 487
100826, 487
100880, 483
100934, 478
100988, 480
101043, 470
101096, 466
101150, 465
101204, 466
101259, 465
101313, 456
101367, 453
101422, 450
101476, 455
101529, 461
101583, 478
101638, 482
101692, 482
101746, 480
101800, 466
101855, 465
101909, 467
101962, 468
102017, 469
102071, 467
102125, 467
102179, 465
102234, 468
102288, 475
102342, 480
102395, 496
102450, 498
102504, 495
102558, 497
102612, 488
102667, 486
102721, 481
102775, 489
102830, 490
102883, 482
102937, 479
102991, 484
103046, 483
103100, 479
103154, 504
103208, 497
103263, 503
103316, 500
103370, 498
103425, 488
103479, 486
103533, 474
103587, 476
103642, 482
103696, 483
103749, 476
103803, 477
103858, 475
103912, 492
103966, 479
104020, 471
104075, 455
104129, 446
104182, 449
104237, 445
104291, 439
104345, 444
104399, 459
104454, 468
104508, 468
104562, 447
104615, 446
104670, 448
104724, 425
104778, 425
104833, 405
104887, 387
104941, 377
104995, 384
105049, 385
105103, 387
105157, 387
105211, 389
105266, 388
105320, 389
105374, 389
105428, 407
105482, 451
105536, 456
105590, 459
105645, 456
105699, 454
105753, 438
105807, 433
105862, 451
105915, 457
105969, 458
106023, 454
106078, 457
106132, 455
106186, 455
106241, 460
106295, 460
106348, 465
106402, 458
106457, 465
106511, 461
106565, 464
106619, 473
106674, 469
106728, 472
106781, 468
106835, 472
106890, 468
106944, 475
106998, 481
107053, 477
107107, 464
107161, 475
107214, 476
107269, 478
107323, 477
107377, 478
107431, 483
107486, 486
107540, 481
107594, 475
107648, 481
107702, 484
107756, 483
107810, 495
107865, 494
107919, 500
107973, 486
108027, 479
108081, 485
108135, 479
108189, 486
108243, 483
108298, 487
108352, 487
108406, 481
108461, 480
108514, 479
108568, 477
108622, 478
108677, 493
108731, 495
108785, 487
108839, 487
108894, 484
108947, 483
109001, 485
109056, 483
109110, 487
109164, 481
109218, 481
109273, 479
109327, 484
109380, 458
109434, 451
109489, 453
109543, 466
109597, 463
109651, 462
109706, 459
109760, 473
109814, 481
109868, 489
109922, 486
109976, 489
110030, 482
110085, 453
110139, 431
110193, 431
110247, 436
110301, 460
110355, 463
110409, 422
110464, 417
110518, 419
110572, 436
110626, 431
110681, 461
110734, 458
110788, 448
110842, 439
110897, 434
110951, 429
111005, 430
111059, 427
111114, 430
111167, 432
111221, 427
111276, 438
111330, 438
111384, 439
111438, 440