0, 473
0, 470
1, 477
1, 473
1, 475
2, 471
2, 472
2, 474
28, 472
66, 475
104, 477
145, 470
187, 472
229, 471
270, 476
312, 475
354, 475
395, 475
437, 469
479, 472
520, 468
562, 469
604, 474
645, 472
687, 473
729, 474
770, 466
812, 476
854, 474
894, 472
936, 468
978, 475
1019, 476
1065, 474
1112, 475
1158, 472
1203, 474
1249, 475
1295, 481
1341, 475
1386, 477
1432, 477
1478, 478
1524, 478
1569, 474
1615, 477
1661, 473
1708, 475
1753, 480
1799, 472
1845, 473
1890, 473
1936, 472
1982, 478
2028, 473
2073, 475
2119, 474
2165, 473
2211, 472
2256, 478
2302, 478
2349, 473
2395, 478
2440, 476
2486, 484
2532, 487
2578, 487
2623, 480
2669, 482
2715, 483
2761, 480
2806, 485
2852, 481
2898, 483
2945, 482
2990, 479
3036, 477
3082, 471
3127, 471
3173, 477
3219, 470
3265, 477
3310, 470
3356, 478
3402, 481
3448, 484
3493, 481
3539, 491
3586, 487
3632, 482
3677, 480
3723, 478
3769, 475
3815, 483
3860, 474
3906, 479
3952, 483
3998, 484
4043, 480
4089, 480
4135, 475
4182, 482
4227, 480
4273, 480
4319, 467
4365, 472
4410, 472
4456, 472
4502, 470
4547, 464
4593, 470
4639, 469
4685, 471
4730, 473
4776, 478
4823, 475
4869, 477
4914, 482
4960, 472
5006, 478
5052, 473
5097, 481
5143, 468
5189, 467
5235, 463
5280, 464
5326, 466
5372, 459
5419, 467
5464, 463
5510, 460
5556, 459
5602, 459
5647, 469
5693, 463
5739, 465
5784, 462
5830, 462
5876, 469
5922, 466
5967, 467
6013, 467
6060, 462
6106, 465
6151, 466
6197, 464
6243, 462
6289, 467
6334, 463
6380, 463
6426, 463
6472, 462
6517, 466
6563, 465
6609, 466
6656, 468
6701, 465
6747, 463
6793, 461
6839, 463
6884, 464
6930, 464
6976, 463
7021, 464
7067, 468
7113, 464
7159, 464
7204, 462
7250, 465
7297, 464
7343, 464
7388, 470
7434, 462
7480, 461
7526, 467
7571, 469
7617, 467
7663, 458
7709, 466
7754, 462
7800, 459
7846, 465
7892, 470
7938, 464
7984, 463
8030, 462
8076, 463
8121, 469
8167, 476
8213, 476
8259, 468
8304, 470
8350, 473
8396, 469
8441, 473
8487, 473
8534, 472
8580, 474
8625, 471
8671, 475
8717, 465
8763, 479
8808, 479
8854, 480
8900, 481
8946, 477
8991, 476
9037, 485
9083, 478
9129, 478
9175, 475
9221, 474
9267, 475
9313, 474
9358, 474
9404, 475
9450, 473
9496, 469
9541, 474
9587, 481
9633, 486
9678, 489
9724, 484
9771, 482
9817, 478
9862, 484
9908, 484
9954, 480
10000, 486
10049, 490
10099, 491
10149, 482
10200, 482
10250, 482
10300, 474
10349, 481
10399, 482
10449, 476
10500, 487
10550, 482
10599, 476
10649, 485
10699, 496
10749, 490
10800, 494
10849, 485
10899, 479
10949, 475
10999, 480
11049, 483
11099, 478
11149, 478
11199, 481
11249, 476
11299, 484
11350, 485
11399, 478
11449, 476
11499, 480
11549, 472
11599, 471
11649, 497
11699, 496
11749, 489
11799, 492
11849, 481
11898, 478
11949, 476
11999, 478
12049, 453
12099, 474
12148, 446
12198, 449
12249, 459
12299, 471
12349, 466
12398, 464
12448, 454
12498, 446
12549, 443
12599, 441
12649, 439
12698, 449
12748, 448
12798, 449
12849, 444
12899, 458
12948, 455
12998, 454
13048, 449
13099, 452
13149, 446
13198, 450
13248, 452
13298, 455
13348, 454
13399, 455
13448, 455
13498, 456
13548, 451
13598, 452
13648, 450
13699, 464
13748, 459
13798, 454
13848, 460
13898, 454
13948, 460
13998, 462
14048, 456
14098, 460
14148, 456
14198, 455
14247, 462
14298, 452
14348, 453
14398, 448
14448, 450
14497, 454
14547, 451
14598, 454
14648, 458
14698, 456
14747, 460
14797, 458
14848, 453
14898, 451
14948, 467
14998, 461
15047, 464
15097, 459
15148, 460
15198, 457
15248, 451
15297, 458
15347, 459
15397, 453
15448, 463
15498, 460
15547, 466
15597, 467
15647, 464
15697, 467
15748, 468
15797, 474
15847, 466
15897, 466
15947, 457
15997, 450
16048, 454
16097, 452
16147, 458
16197, 453
16247, 457
16297, 455
16347, 460
16397, 463
16447, 470
16497, 471
16547, 473
16596, 469
16647, 470
16697, 455
16747, 459
16797, 457
16846, 460
16897, 457
16947, 456
16997, 458
17047, 459
17096, 460
17146, 468
17197, 466
17247, 468
17297, 472
17347, 469
17396, 471
17446, 459
17497, 458
17547, 455
17597, 458
17646, 459
17696, 459
17746, 462
17797, 461
17847, 462
17896, 469
17946, 469
17996, 468
18046, 470
18097, 470
18146, 470
18196, 454
18246, 459
18296, 450
18347, 458
18397, 449
18446, 452
18496, 453
18546, 451
18596, 471
18647, 474
18696, 471
18746, 474
18796, 470
18846, 451
18896, 448
18946, 449
18996, 451
19046, 447
19096, 445
19146, 445
19195, 445
19246, 442
19296, 456
19346, 471
19396, 470
19445, 475
19495, 473
19546, 478
19596, 478
19646, 481
19696, 465
19745, 473
19795, 475
19846, 468
19896, 470
19946, 475
19995, 474
20045, 472
20096, 474
20146, 476
20196, 479
20245, 478
20295, 478
20345, 485
20396, 481
20446, 482
20495, 470
20545, 471
20595, 478
20645, 473
20696, 480
20746, 475
20795, 480
20845, 469
20895, 471
20945, 480
20996, 474
21045, 478
21095, 480
21145, 487
21195, 484
21245, 482
21295, 485
21345, 478
21395, 478
21445, 482
21495, 482
21544, 460
21595, 462
21645, 458
21695, 468
21745, 480
21795, 481
21844, 469
21895, 454
21945, 472
21995, 478
22045, 481
22094, 482
22145, 474
22195, 480
22245, 479
22295, 478
22344, 482
22394, 476
22445, 479
22495, 480
22545, 479
22594, 478
22644, 481
22694, 477
22745, 477
22795, 483
22844, 489
22894, 488
22944, 482
22994, 480
23045, 481
23095, 483
23144, 483
23194, 480
23244, 479
23294, 484
23345, 480
23394, 474
23444, 476
23494, 473
23544, 479
23595, 482
23644, 487
23694, 487
23744, 484
23794, 490
23844, 486
23894, 482
23944, 477
23994, 477
24044, 479
24094, 481
24144, 481
24194, 479
24244, 482
24294, 483
24344, 487
24394, 485
24443, 488
24494, 494
24544, 482
24594, 483
24644, 488
24693, 487
24743, 491
24794, 488
24844, 488
24894, 488
24943, 487
24993, 500
25043, 506
25094, 491
25144, 492
25193, 495
25243, 493
25293, 491
25344, 489
25394, 490
25444, 489
25493, 487
25543, 484
25593, 484
25644, 486
25694, 489
25743, 506
25793, 490
25843, 487
25893, 493
25944, 487
25993, 484
26043, 487
26093, 487
26143, 486
26193, 487
26243, 487
26293, 485
26343, 484
26393, 484
26443, 487
26493, 496
26543, 489
26593, 494
26643, 490
26693, 483
26743, 487
26792, 482
26843, 481
26893, 488
26943, 488
26993, 483
27042, 493
27092, 493
27143, 484
27193, 479
27243, 489
27292, 497
27342, 499
27393, 497
27443, 497
27493, 497
27542, 497
27592, 496
27642, 492
27693, 495
27743, 492
27793, 488
27842, 494
27892, 491
27942, 492
27993, 481
28043, 477
28092, 486
28142, 498
28192, 501
28242, 503
28293, 499
28342, 495
28392, 491
28442, 495
28492, 491
28542, 488
28592, 486
28642, 480
28692, 484
28742, 483
28792, 482
28843, 482
28892, 479
28942, 484
28992, 494
29042, 497
29092, 497
29142, 500
29192, 497
29242, 500
29292, 491
29342, 491
29391, 486
29442, 482
29492, 491
29542, 482
29592, 475
29641, 478
29691, 477
29742, 491
29792, 499
29842, 502
29891, 492
29941, 497
29991, 497
30042, 502
30092, 485
30142, 485
30191, 485
30241, 485
30291, 479
30342, 486
30392, 481
30441, 474
30491, 486
30541, 499
30592, 495
30642, 505
30691, 501
30741, 502
30791, 491
30841, 487
30892, 487
30941, 486
30991, 487
31041, 489
31091, 489
31141, 477
31192, 481
31241, 481
31291, 501
31341, 505
31391, 500
31441, 497
31491, 502
31541, 498
31591, 495
31641, 495
31691, 484
31740, 480
31791, 482
31841, 478
31891, 483
31941, 481
31990, 491
32040, 502
32091, 498
32141, 501
32191, 505
32240, 504
32290, 494
32340, 489
32391, 493
32441, 487
32491, 490
32540, 493
32590, 488
32641, 483
32691, 479
32741, 498
32790, 500
32840, 501
32890, 503
32941, 498
32991, 498
33040, 496
33090, 498
33140, 496
33190, 489
33241, 489
33290, 487
33340, 490
33390, 489
33440, 485
33490, 501
33541, 509
33590, 501
33640, 500
33690, 501
33740, 504
33790, 501
33840, 500
33890, 499
33940, 503
33990, 505
34040, 495
34089, 490
34140, 488
34190, 488
34240, 486
34290, 495
34339, 512
34390, 514
34440, 502
34490, 503
34540, 503
34590, 504
34639, 502
34690, 502
34740, 499
34790, 499
34840, 502
34889, 505
34939, 500
34990, 498
35040, 495
35090, 503
35139, 516
35189, 512
35239, 507
35290, 505
35340, 503
35389, 506
35439, 503
35489, 504
35539, 502
35590, 498
35639, 500
35689, 492
35739, 495
35789, 498
35840, 501
35890, 509
35939, 509
35989, 505
36039, 506
36089, 505
36140, 503
36189, 504
36239, 501
36289, 504
36339, 503
36389, 500
36439, 500
36489, 500
36539, 503
36589, 509
36639, 518
36688, 512
36739, 506
36789, 508
36839, 506
36889, 504
36939, 506
36988, 502
37039, 503
37089, 502
37139, 498
37189, 500
37238, 498
37288, 500
37339, 503
37389, 517
37439, 517
37488, 505
37538, 510
37588, 504
37639, 505
37689, 504
37738, 503
37788, 504
37838, 504
37889, 499
37939, 502
37988, 504
38038, 498
38088, 494
38138, 503
38189, 519
38239, 517
38288, 504
38338, 501
38388, 500
38438, 510
38489, 503
38538, 497
38588, 498
38638, 499
38688, 499
38738, 501
38788, 502
38838, 501
38888, 499
38938, 501
38988, 505
39037, 511
39088, 518
39138, 508
39188, 499
39238, 500
39288, 512
39337, 505
39388, 509
39438, 501
39488, 500
39538, 493
39587, 497
39638, 502
39688, 492
39738, 493
39788, 496
39837, 514
39887, 511
39938, 502
39988, 506
40038, 509
40087, 499
40137, 500
40187, 493
40238, 497
40288, 491
40337, 494
40387, 495
40437, 494
40487, 494
40538, 501
40588, 509
40637, 504
40687, 503
40737, 510
40787, 506
40838, 502
40887, 494
40937, 493
40987, 502
41037, 498
41088, 498
41137, 490
41187, 495
41237, 496
41287, 496
41337, 506
41387, 503
41437, 506
41487, 498
41537, 504
41587, 500
41637, 501
41687, 500
41737, 490
41787, 496
41837, 491
41887, 496
41936, 502
41987, 499
42037, 494
42087, 512
42137, 503
42186, 498
42236, 503
42287, 504
42337, 501
42387, 497
42436, 499
42486, 501
42536, 491
42587, 497
42637, 487
42686, 494
42736, 496
42786, 494
42836, 499
42887, 510
42937, 513
42986, 509
43036, 504
43086, 496
43137, 500
43187, 500
43236, 495
43286, 493
43336, 495
43386, 496
43437, 488
43486, 500
43536, 488
43586, 495
43636, 495
43686, 492
43736, 494
43786, 504
43836, 507
43886, 499
43936, 504
43986, 499
44036, 493
44086, 498
44136, 498
44186, 497
44236, 496
44285, 491
44336, 489
44386, 496
44436, 499
44486, 496
44535, 495
44585, 491
44636, 492
44686, 495
44736, 505
44785, 506
44835, 511
44886, 498
44936, 499
44986, 496
45035, 496
45085, 495
45135, 493
45186, 501
45236, 494
45286, 496
45335, 494
45385, 502
45435, 493
45486, 496
45536, 491
45585, 485
45635, 490
45685, 494
45735, 500
45786, 500
45835, 499
45885, 497
45935, 495
45985, 497
46035, 492
46085, 500
46135, 497
46185, 498
46235, 494
46285, 495
46336, 488
46385, 493
46435, 491
46485, 491
46535, 497
46585, 495
46635, 498
46685, 499
46735, 500
46785, 494
46835, 497
46884, 498
46935, 497
46985, 496
47035, 493
47085, 498
47134, 495
47184, 501
47235, 496
47285, 499
47335, 501
47385, 500
47434, 499
47484, 497
47535, 494
47585, 496
47635, 497
47684, 501
47734, 497
47784, 496
47835, 497
47885, 494
47934, 497
47984, 504
48034, 497
48084, 500
48135, 498
48184, 500
48234, 505
48284, 500
48334, 500
48385, 500
48434, 501
48484, 495
48534, 498
48584, 495
48634, 498
48685, 497
48734, 502
48784, 502
48834, 502
48884, 500
48934, 498
48984, 500
49034, 496
49084, 497
49134, 503
49184, 505
49233, 500
49284, 503
49334, 502
49384, 502
49434, 498
49483, 494
49533, 503
49584, 498
49634, 497
49684, 493
49734, 501
49783, 492
49833, 498
49884, 506
49934, 499
49984, 496
50033, 493
50083, 493
50134, 500
50184, 501
50234, 503
50283, 506
50333, 493
50383, 497
50434, 501
50484, 494
50533, 498
50583, 502
50633, 500
50683, 498
50734, 497
50783, 499
50833, 497
50883, 498
50933, 502
50983, 496
51034, 500
51083, 502
51133, 497
51183, 495
51233, 502
51283, 498
51333, 504
51383, 492
51433, 499
51483, 500
51533, 500
51582, 501
51633, 497
51683, 502
51733, 501
51783, 505
51832, 499
51883, 500
51933, 510
51983, 502
52033, 508
52083, 509
52132, 495
52183, 499
52233, 502
52283, 503
52333, 502
52382, 500
52432, 502
52483, 502
52533, 501
52583, 499
52632, 501
52682, 497
52732, 504
52783, 511
52833, 508
52882, 502
52932, 503
52982, 502
53032, 509
53083, 501
53132, 504
53182, 503
53232, 502
53282, 505
53332, 504
53383, 508
53432, 505
53482, 500
53532, 499
53582, 501
53633, 507
53682, 514
53732, 503
53782, 506
53832, 504
53882, 504
53932, 504
53982, 501
54032, 503
54082, 503
54132, 507
54181, 503
54232, 502
54282, 502
54332, 502
54382, 501
54432, 505
54481, 502
54532, 508
54582, 508
54632, 501
54682, 504
54731, 507
54781, 506
54832, 501
54882, 503
54932, 507
54981, 503
55031, 502
55081, 501
55132, 505
55182, 502
55231, 502
55281, 501
55331, 506
55382, 507
55432, 503
55481, 505
55531, 505
55581, 505
55631, 503
55682, 507
55732, 505
55781, 504
55831, 503
55881, 504
55931, 505
55982, 503
56031, 505
56081, 499
56131, 503
56181, 506
56231, 506
56281, 500
56331, 503
56381, 502
56431, 501
56481, 504
56530, 502
56581, 505
56631, 500
56681, 502
56731, 503
56781, 499
56830, 500
56881, 507
56931, 502
56981, 496
57031, 507
57080, 508
57131, 498
57181, 498
57231, 502
57281, 504
57330, 503
57380, 499
57431, 504
57481, 499
57531, 499
57580, 504
57630, 500
57680, 498
57731, 500
57781, 498
57830, 500
57880, 499
57930, 505
57980, 496
58031, 498
58081, 500
58130, 493
58180, 507
58230, 501
58280, 505
58331, 499
58380, 501
58430, 503
58480, 504
58530, 503
58580, 501
58630, 496
58680, 497
58730, 504
58780, 498
58830, 499
58880, 492
58930, 496
58980, 499
59030, 501
59080, 500
59130, 500
59180, 502
59230, 496
59280, 501
59330, 506
59380, 508
59429, 501
59480, 499
59530, 509
59580, 512
59630, 501
59679, 497
59729, 499
59780, 499
59830, 503
59880, 495
59929, 500
59979, 498
60029, 501
60080, 505
60130, 503
60180, 510
60229, 504
60279, 505
60329, 510
60380, 504
60430, 497
60479, 502
60529, 503
60579, 506
60630, 506
60680, 504
60729, 504
60779, 504
60829, 500
60879, 503
60930, 502
60979, 502
61029, 505
61079, 510
61129, 506
61179, 500
61229, 502
61279, 499
61329, 498
61379, 499
61429, 500
61479, 499
61529, 502
61579, 500
61629, 501
61679, 497
61729, 500
61778, 503
61829, 515
61879, 510
61929, 505
61979, 502
62028, 506
62078, 500
62129, 507
62179, 509
62229, 508
62278, 503
62328, 506
62379, 508
62429, 507
62479, 506
62529, 507
62578, 509
62628, 506
62679, 516
62729, 503
62779, 507
62828, 502
62878, 504
62928, 511
62979, 504
63029, 504
63078, 501
63128, 504
63178, 503
63228, 500
63279, 498
63328, 508
63378, 509
63428, 501
63478, 503
63528, 508
63578, 513
63628, 504
63678, 505
63728, 505
63778, 500
63828, 512
63878, 509
63928, 507
63978, 508
64028, 498
64078, 499
64128, 503
64178, 504
64228, 501
64278, 502
64328, 494
64377, 502
64428, 510
64478, 509
64528, 506
64578, 507
64627, 506
64677, 507
64728, 510
64778, 507
64828, 505
64878, 502
64927, 507
64977, 502
65028, 501
65078, 504
65128, 502
65177, 509
65227, 511
65277, 507
65328, 500
65378, 508
65427, 505
65477, 505
65527, 503
65577, 499
65628, 505
65677, 497
65727, 500
65777, 503
65827, 498
65878, 505
65927, 500
65977, 515
66027, 514
66077, 510
66127, 501
66178, 505
66227, 506
66277, 500
66327, 508
66377, 502
66427, 505
66477, 504
66527, 502
66577, 497
66627, 495
66677, 497
66726, 497
66777, 506
66827, 507
66877, 503
66927, 500
66976, 502
67026, 505
67077, 505
67127, 502
67177, 503
67227, 502
67276, 505
67326, 501
67377, 499
67427, 495
67477, 496
67526, 499
67576, 510
67627, 505
67677, 506
67727, 501
67776, 502
67826, 498
67876, 504
67927, 503
67977, 501
68026, 505
68076, 495
68126, 498
68176, 496
68227, 493
68276, 495
68326, 494
68376, 499
68426, 499
68476, 498
68527, 504
68576, 492
68626, 497
68676, 492
68726, 497
68776, 501
68826, 496
68876, 491
68926, 498
68976, 495
69026, 492
69075, 497
69126, 494
69176, 488
69226, 498
69276, 495
69325, 494
69376, 495
69426, 495
69476, 498
69526, 491
69576, 488
69625, 494
69676, 497
69726, 490
69776, 493
69826, 498
69875, 492
69925, 491
69976, 491
70026, 497
70076, 494
70125, 489
70175, 498
70225, 494
70276, 501
70326, 506
70375, 498
70425, 497
70475, 495
70525, 493
70576, 493
70625, 499
70675, 499
70725, 503
70775, 498
70825, 501
70876, 493
70925, 497
70975, 501
71025, 498
71075, 501
71126, 509
71175, 504
71225, 503
71275, 501
71325, 508
71375, 503
71425, 498
71475, 509
71525, 504
71575, 498
71625, 502
71674, 502
71725, 508
71775, 509
71825, 499
71875, 501
71925, 503
71974, 503
72025, 503
72075, 507
72125, 502
72175, 507
72224, 510
72274, 501
72325, 506
72375, 499
72425, 501
72474, 503
72524, 508
72574, 504
72625, 499
72675, 505
72724, 507
72774, 507
72824, 507
72875, 506
72925, 506
72975, 504
73024, 498
73074, 507
73124, 507
73175, 504
73225, 505
73274, 499
73324, 498
73374, 503
73424, 507
73475, 508
73524, 508
73574, 508
73624, 507
73674, 512
73724, 508
73774, 508
73824, 504
73874, 504
73924, 507
73974, 508
74023, 505
74074, 506
74124, 510
74174, 510
74224, 520
74274, 515
74323, 508
74374, 508
74424, 509
74474, 508
74524, 507
74573, 513
74624, 510
74674, 500
74724, 508
74774, 509
74823, 510
74873, 504
74924, 519
74974, 520
75024, 513
75073, 503
75123, 513
75173, 514
75224, 511
75274, 508
75324, 504
75373, 509
75423, 508
75473, 511
75524, 507
75574, 512
75623, 511
75673, 513
75723, 520
75773, 521
75824, 514
75873, 509
75923, 512
75973, 503
76023, 506
76073, 508
76123, 509
76173, 509
76223, 507
76273, 505
76323, 507
76372, 503
76423, 505
76473, 509
76523, 506
76573, 515
76623, 519
76673, 504
76723, 510
76773, 507
76823, 509
76873, 507
76922, 507
76973, 509
77023, 509
77073, 508
77123, 509
77172, 506
77222, 511
77273, 507
77323, 512
77373, 525
77422, 518
77472, 521
77522, 505
77573, 508
77623, 508
77673, 507
77722, 507
77772, 506
77822, 506
77873, 507
77923, 507
77972, 505
78022, 511
78072, 508
78123, 507
78173, 510
78222, 517
78272, 519
78322, 517
78372, 509
78423, 516
78472, 506
78522, 510
78572, 508
78622, 505
78672, 509
78722, 510
78772, 509
78822, 507
78872, 505
78922, 508
78972, 504
79022, 503
79072, 507
79122, 510
79172, 511
79222, 520
79271, 514
79322, 510
79372, 506
79422, 510
79472, 510
79521, 511
79571, 502
79622, 505
79672, 511
79722, 514
79771, 507
79821, 507
79872, 510
79922, 503
79972, 502
80022, 501
80071, 507
80121, 502
80172, 509
80222, 514
80272, 509
80321, 505
80371, 515
80421, 505
80472, 506
80522, 507
80571, 505
80621, 506
80671, 503
80721, 505
80772, 507
80821, 505
80871, 503
80921, 506
80971, 505
81021, 500
81071, 501
81121, 504
81171, 509
81221, 511
81271, 509
81321, 507
81371, 507
81421, 505
81471, 506
81521, 504
81571, 505
81620, 504
81671, 501
81721, 498
81771, 506
81821, 501
81870, 505
81921, 497
81971, 503
82021, 500
82071, 502
82120, 504
82170, 505
82221, 502
82271, 500
82321, 504
82371, 501
82420, 502
82470, 503
82521, 500
82571, 505
82621, 506
82670, 503
82720, 504
82770, 496
82821, 499
82871, 502
82920, 500
82970, 503
83020, 496
83070, 507
83121, 505
83170, 504
83220, 503
83270, 503
83320, 501
83371, 499
83420, 506
83470, 505
83520, 506
83570, 501
83620, 500
83671, 499
83720, 499
83770, 509
83820, 511
83870, 507
83920, 508
83970, 506
84020, 504
84070, 505
84120, 504
84170, 503
84219, 507
84270, 504
84320, 507
84370, 506
84420, 504
84469, 502
84519, 513
84570, 516
84620, 507
84670, 508
84720, 510
84769, 506
84819, 505
84870, 506
84920, 506
84970, 505
85019, 505
85069, 507
85120, 506
85170, 504
85220, 502
85269, 509
85319, 518
85369, 519
85420, 510
85470, 509
85519, 507
85569, 508
85619, 502
85669, 507
85720, 507
85770, 508
85819, 508
85869, 507
85919, 507
85969, 509
86020, 507
86069, 507
86119, 511
86169, 520
86219, 519
86269, 510
86319, 512
86369, 508
86419, 507
86469, 510
86519, 507
86568, 507
86619, 509
86669, 505
86719, 505
86769, 509
86818, 507
86868, 507
86919, 508
86969, 505
87019, 504
87069, 508
87118, 520
87169, 518
87219, 511
87269, 508
87319, 509
87368, 509
87418, 511
87469, 508
87519, 509
87569, 507
87618, 506
87668, 507
87718, 507
87769, 505
87819, 506
87868, 505
87918, 505
87968, 507
88018, 504
88069, 506
88119, 513
88168, 508
88218, 507
88268, 510
88318, 509
88369, 509
88418, 506
88468, 506
88518, 506
88568, 507
88619, 506
88668, 505
88718, 507
88768, 504
88818, 503
88868, 507
88918, 517
88968, 519
89018, 509
89068, 512
89118, 508
89167, 508
89218, 508
89268, 510
89318, 512
89368, 511
89418, 511
89467, 509
89518, 510
89568, 506
89618, 511
89668, 505
89717, 508
89767, 509
89818, 516
89868, 518
89918, 515
89967, 511
90017, 509
90067, 509
90118, 509
90168, 512
90217, 511
90267, 511
90317, 510
90368, 511
90418, 510
90468, 515
90517, 514
90567, 510
90617, 507
90668, 510
90718, 510
90767, 518
90817, 518
90867, 508
90917, 505
90968, 507
91017, 508
91067, 508
91117, 509
91167, 512
91217, 509
91267, 511
91317, 503
91367, 506
91417, 510
91467, 509
91516, 505
91567, 512
91617, 507
91667, 507
91717, 519
91767, 510
91816, 510
91867, 511
91917, 511
91967, 512
92017, 505
92066, 514
92116, 507
92167, 508
92217, 511
92267, 510
92316, 505
92366, 508
92417, 502
92467, 500
92517, 506
92566, 504
92616, 502
92666, 512
92717, 510
92767, 509
92817, 503
92866, 503
92916, 509
92966, 502
93017, 507
93067, 505
93116, 503
93166, 501
93216, 506
93266, 498
93317, 504
93366, 500
93416, 504
93466, 504
93516, 507
93566, 510
93616, 512
93666, 503
93716, 502
93766, 504
93816, 510
93865, 510
93916, 498
93966, 502
94016, 499
94066, 502
94116, 500
94166, 504
94216, 497
94266, 512
94316, 512
94366, 501
94415, 508
94466, 511
94516, 504
94566, 506
94616, 507
94665, 509
94715, 508
94766, 508
94816, 505
94866, 501
94915, 503
94965, 508
95015, 506
95066, 508
95116, 508
95166, 510
95215, 507
95265, 510
95315, 517
95366, 509
95416, 512
95465, 514
95515, 511
95565, 506
95616, 510
95666, 510
95715, 509
95765, 508
95815, 508
95865, 511
95916, 505
95965, 506
96015, 509
96065, 511
96115, 503
96165, 509
96215, 511
96265, 509
96315, 504
96365, 510
96415, 509
96465, 511
96515, 509
96565, 507
96615, 511
96665, 505
96715, 506
96764, 508
96815, 509
96865, 518
96915, 519
96965, 510
97014, 511
97064, 511
97115, 508
97165, 509
97215, 512
97264, 515
97314, 514
97364, 509
97415, 507
97465, 506
97515, 512
97564, 510
97614, 503
97665, 509
97715, 517
97765, 517
97814, 516
97864, 511
97914, 504
97965, 508
98015, 507
98064, 504
98114, 508
98164, 509
98214, 507
98265, 509
98314, 507
98364, 509
98414, 513
98464, 507
98514, 502
98565, 513
98614, 516
98664, 514
98714, 508
98764, 507
98814, 509
98864, 511
98914, 509
98964, 510
99014, 515
99064, 504
99113, 510
99164, 505
99214, 510
99264, 508
99314, 507
99363, 499
99414, 503
99464, 503
99514, 509
99564, 516
99613, 514
99663, 507
99714, 511
99764, 508
99814, 505
99864, 510
99913, 507
99963, 505
100014, 506
100068, 510
100122, 512
100176, 509
100230, 508
100284, 502
100338, 499
100392, 502
100447, 505
100501, 507
100555, 502
100610, 510
100663, 507
100717, 508
100771, 510
100826, 507
100880, 507
100934, 508
100988, 507
101043, 508
101096, 505
101150, 504
101204, 502
101259, 506
101313, 510
101367, 506
101422, 508
101476, 507
101529, 504
101583, 508
101638, 508
101692, 509
101746, 508
101800, 508
101855, 508
101909, 507
101962, 505
102017, 506
102071, 505
102125, 508
102179, 505
102234, 507
102288, 504
102342, 512
102395, 503
102450, 508
102504, 507
102558, 508
102612, 509
102667, 506
102721, 509
102775, 505
102830, 499
102883, 507
102937, 510
102991, 506
103046, 506
103100, 505
103154, 502
103208, 504
103263, 508
103316, 507
103370, 507
103425, 507
103479, 506
103533, 505
103587, 507
103642, 501
103696, 504
103749, 507
103803, 506
103858, 506
103912, 502
103966, 509
104020, 499
104075, 503
104129, 510
104182, 507
104237, 503
104291, 502
104345, 504
104399, 499
104454, 507
104508, 504
104562, 504
104615, 506
104670, 503
104724, 504
104778, 495
104833, 503
104887, 506
104941, 504
104995, 506
105049, 508
105103, 502
105157, 504
105211, 502
105266, 503
105320, 501
105374, 509
105428, 508
105482, 506
105536, 509
105590, 505
105645, 509
105699, 504
105753, 504
105807, 506
105862, 500
105915, 502
105969, 506
106023, 506
106078, 509
106132, 504
106186, 507
106241, 502
106295, 507
106348, 504
106402, 504
106457, 503
106511, 507
106565, 504
106619, 505
106674, 503
106728, 510
106781, 507
106835, 506
106890, 510
106944, 499
106998, 503
107053, 506
107107, 508
107161, 505
107214, 506
107269, 506
107323, 504
107377, 502
107431, 501
107486, 506
107540, 504
107594, 508
107648, 508
107702, 501
107756, 503
107810, 510
107865, 506
107919, 506
107973, 506
108027, 506
108081, 509
108135, 505
108189, 505
108243, 502
108298, 505
108352, 505
108406, 505
108461, 506
108514, 505
108568, 507
108622, 506
108677, 509
108731, 503
108785, 505
108839, 498
108894, 498
108947, 498
109001, 495
109056, 503
109110, 506
109164, 502
109218, 505
109273, 514
109327, 507
109380, 507
109434, 505
109489, 501
109543, 504
109597, 510
109651, 503
109706, 504
109760, 504
109814, 502
109868, 506
109922, 501
109976, 501
110030, 509
110085, 513
110139, 510
110193, 503
110247, 502
110301, 507
110355, 507
110409, 503
110464, 506
110518, 507
110572, 511
110626, 509
110681, 510
110734, 507
110788, 503
110842, 505
110897, 505
110951, 514
111005, 513
111059, 505
111114, 506
111167, 505
111221, 508
111276, 504
111330, 508
111384, 503
111438, 500
111493, 503
111547, 502
111600, 503
111654, 503
111709, 505
111763, 499
111817, 502
111872, 510
111926, 506
111980, 507
112033, 505
112088, 508
112142, 508
112196, 509
112250, 506
112305, 504
112359, 508
112413, 502
112466, 507
112521, 508
112575, 496
112629, 500
112684, 500
112738, 507
112792, 508
112846, 503
112900, 513
112954, 510
113008, 502
113062, 509
113117, 508
113171, 506
113225, 500
113280, 507
113333, 504
113387, 499
113441, 498
113496, 502
113550, 498
113604, 501
113658, 506
113713, 502
113766, 508
113820, 503
113874, 502
113929, 500
113983, 497
114037, 499
114092, 500
114146, 498
114199, 496
114253, 499
114308, 501
114362, 498
114416, 501
114470, 506
114525, 505
114579, 505
114632, 499
114686, 498
114741, 505
114795, 497
114849, 501
114904, 496
114958, 501
115012, 503
115065, 502
115120, 501
115174, 505
115228, 504
115282, 504
115337, 505
115391, 510
115445, 506
115499, 508
115553, 511
115607, 507
115661, 506
115716, 506
115770, 503
115824, 503
115878, 501
115932, 499
115986, 500
116040, 499
116094, 499
116149, 502
116203, 501
116257, 504
116312, 503
116365, 497
116419, 502
116473, 504
116528, 503
116582, 507
116636, 502
116690, 500
116745, 499
116799, 499
116852, 506
116907, 502
116961, 507
117015, 504
117069, 507
117124, 505
117178, 506
117232, 504
117285, 504
117340, 505
117394, 503
117448, 496
117502, 498
117557, 492
117611, 500
117665, 492
117719, 502
117773, 504
117827, 503
117881, 498
117936, 501
117990, 497
118044, 498
118098, 502
118152, 500
118206, 501
118260, 499
118315, 502
118369, 501
118423, 499
118477, 499
118532, 496
118585, 499
118639, 503
118693, 500
118748, 501
118802, 500
118856, 502
118910, 498
118965, 497
119018, 497
119072, 493
119127, 500
119181, 499
119235, 500
119289, 500
119344, 498
119398, 490
119451, 504
119505, 495
119560, 499
119614, 498
119668, 494
119723, 499
119777, 499
119831, 500
119884, 503
119939, 504
119993, 497
120047, 498
120101, 496
120156, 503
120210, 503
120264, 501
120317, 502
120372, 497
120426, 504
120480, 498
120535, 500
120589, 500
120643, 501
120697, 494
120751, 506
120805, 503
120859, 496
120913, 507
120968, 505
121022, 501
121076, 500
121131, 502
121184, 502
121238, 500
121292, 497
121347, 504
121401, 504
121455, 497
121509, 501
121564, 504
121617, 505
121671, 504
121725, 501
121780, 496
121834, 496
121888, 500
121943, 506
121997, 506
122050, 510
122104, 505
122159, 499
122213, 505
122267, 506
122321, 495
122376, 501
122430, 504
122483, 501
122537, 503
122592, 502
122646, 503
122700, 505
122755, 501
122809, 501
122863, 501
122916, 501
122971, 492
123025, 495
123079, 492
123133, 487
123188, 493
123242, 489
123296, 492
123350, 493
123404, 496
123458, 497
123512, 492
123567, 499
123621, 500
123675, 492
123729, 496
123784, 494
123837, 487
123891, 489
123945, 495
124000, 493
124054, 491
124108, 492
124163, 491
124217, 489
124270, 495
124324, 503
124379, 493
124433, 493
124487, 498
124541, 488
124596, 492
124650, 492
124703, 490
124758, 483
124812, 489
124866, 489
124920, 492
124975, 490
125029, 493
125083, 494
125136, 487
125191, 494
125245, 490
125299, 486
125353, 491