0, 606
0, 610
1, 604
1, 605
1, 608
2, 601
2, 602
2, 606
28, 608
66, 605
104, 601
145, 616
187, 608
229, 597
270, 603
312, 603
354, 599
395, 605
437, 610
479, 601
520, 605
562, 612
604, 599
645, 603
687, 605
729, 607
770, 612
812, 604
854, 607
894, 605
936, 608
978, 607
1019, 608
1065, 610
1112, 608
1158, 608
1203, 604
1249, 599
1295, 610
1341, 613
1386, 614
1432, 607
1478, 605
1524, 604
1569, 601
1615, 608
1661, 600
1708, 609
1753, 606
1799, 609
1845, 604
1890, 612
1936, 599
1982, 608
2028, 604
2073, 600
2119, 610
2165, 606
2211, 603
2256, 604
2302, 610
2349, 606
2395, 611
2440, 604
2486, 601
2532, 605
2578, 606
2623, 602
2669, 604
2715, 608
2761, 602
2806, 612
2852, 606
2898, 605
2945, 607
2990, 602
3036, 605
3082, 599
3127, 607
3173, 607
3219, 609
3265, 607
3310, 608
3356, 601
3402, 604
3448, 604
3493, 606
3539, 599
3586, 606
3632, 606
3677, 612
3723, 605
3769, 605
3815, 605
3860, 613
3906, 605
3952, 602
3998, 603
4043, 615
4089, 606
4135, 603
4182, 605
4227, 606
4273, 614
4319, 600
4365, 605
4410, 601
4456, 609
4502, 607
4547, 610
4593, 612
4639, 616
4685, 603
4730, 609
4776, 603
4823, 600
4869, 609
4914, 610
4960, 603
5006, 604
5052, 592
5097, 599
5143, 607
5189, 602
5235, 603
5280, 603
5326, 604
5372, 604
5419, 612
5464, 603
5510, 607
5556, 611
5602, 607
5647, 609
5693, 613
5739, 606
5784, 612
5830, 607
5876, 606
5922, 602
5967, 599
6013, 605
6060, 607
6106, 607
6151, 601
6197, 609
6243, 601
6289, 603
6334, 592
6380, 609
6426, 602
6472, 605
6517, 602
6563, 602
6609, 605
6656, 605
6701, 603
6747, 612
6793, 601
6839, 601
6884, 593
6930, 602
6976, 605
7021, 601
7067, 607
7113, 600
7159, 601
7204, 600
7250, 605
7297, 600
7343, 609
7388, 601
7434, 604
7480, 595
7526, 604
7571, 601
7617, 609
7663, 596
7709, 601
7754, 606
7800, 601
7846, 604
7892, 600
7938, 607
7984, 603
8030, 602
8076, 604
8121, 607
8167, 600
8213, 598
8259, 605
8304, 612
8350, 605
8396, 605
8441, 604
8487, 600
8534, 601
8580, 607
8625, 607
8671, 609
8717, 611
8763, 611
8808, 618
8854, 607
8900, 608
8946, 607
8991, 608
9037, 608
9083, 606
9129, 601
9175, 604
9221, 609
9267, 607
9313, 604
9358, 609
9404, 608
9450, 608
9496, 601
9541, 603
9587, 602
9633, 606
9678, 606
9724, 602
9771, 605
9817, 597
9862, 610
9908, 607
9954, 607
10000, 607
10049, 604
10099, 606
10149, 606
10200, 609
10250, 605
10300, 604
10349, 615
10399, 607
10449, 605
10500, 609
10550, 604
10599, 612
10649, 606
10699, 606
10749, 606
10800, 590
10849, 596
10899, 594
10949, 607
10999, 602
11049, 601
11099, 605
11149, 609
11199, 608
11249, 608
11299, 605
11350, 612
11399, 610
11449, 595
11499, 595
11549, 604
11599, 610
11649, 613
11699, 604
11749, 611
11799, 604
11849, 608
11898, 606
11949, 607
11999, 602
12049, 607
12099, 595
12148, 609
12198, 608
12249, 606
12299, 604
12349, 609
12398, 611
12448, 610
12498, 607
12549, 611
12599, 608
12649, 605
12698, 603
12748, 614
12798, 607
12849, 608
12899, 602
12948, 608
12998, 606
13048, 617
13099, 603
13149, 615
13198, 611
13248, 611
13298, 608
13348, 607
13399, 603
13448, 609
13498, 602
13548, 605
13598, 608
13648, 600
13699, 609
13748, 607
13798, 612
13848, 610
13898, 614
13948, 612
13998, 603
14048, 604
14098, 607
14148, 606
14198, 609
14247, 606
14298, 603
14348, 609
14398, 609
14448, 608
14497, 606
14547, 599
14598, 608
14648, 613
14698, 615
14747, 609
14797, 610
14848, 606
14898, 610
14948, 605
14998, 606
15047, 595
15097, 605
15148, 613
15198, 608
15248, 611
15297, 604
15347, 612
15397, 608
15448, 609
15498, 605
15547, 602
15597, 612
15647, 603
15697, 607
15748, 607
15797, 605
15847, 607
15897, 608
15947, 610
15997, 611
16048, 610
16097, 607
16147, 610
16197, 612
16247, 609
16297, 608
16347, 600
16397, 615
16447, 609
16497, 608
16547, 607
16596, 602
16647, 613
16697, 613
16747, 607
16797, 606
16846, 604
16897, 608
16947, 612
16997, 605
17047, 611
17096, 609
17146, 609
17197, 607
17247, 610
17297, 606
17347, 613
17396, 609
17446, 608
17497, 612
17547, 612
17597, 616
17646, 604
17696, 611
17746, 609
17797, 618
17847, 611
17896, 604
17946, 607
17996, 604
18046, 602
18097, 614
18146, 603
18196, 608
18246, 606
18296, 608
18347, 611
18397, 611
18446, 604
18496, 605
18546, 600
18596, 607
18647, 603
18696, 606
18746, 605
18796, 608
18846, 605
18896, 607
18946, 606
18996, 615
19046, 602
19096, 609
19146, 610
19195, 601
19246, 598
19296, 609
19346, 599
19396, 607
19445, 606
19495, 599
19546, 607
19596, 609
19646, 600
19696, 606
19745, 611
19795, 610
19846, 608
19896, 608
19946, 610
19995, 610
20045, 604
20096, 601
20146, 599
20196, 602
20245, 608
20295, 607
20345, 619
20396, 607
20446, 614
20495, 597
20545, 606
20595, 609
20645, 607
20696, 610
20746, 603
20795, 610
20845, 611
20895, 605
20945, 606
20996, 614
21045, 613
21095, 609
21145, 612
21195, 610
21245, 598
21295, 605
21345, 606
21395, 614
21445, 617
21495, 606
21544, 616
21595, 609
21645, 607
21695, 609
21745, 604
21795, 611
21844, 616
21895, 610
21945, 608
21995, 611
22045, 607
22094, 615
22145, 611
22195, 611
22245, 611
22295, 604
22344, 612
22394, 606
22445, 610
22495, 607
22545, 606
22594, 603
22644, 606
22694, 605
22745, 616
22795, 610
22844, 613
22894, 610
22944, 608
22994, 614
23045, 609
23095, 604
23144, 608
23194, 613
23244, 609
23294, 604
23345, 600
23394, 609
23444, 608
23494, 607
23544, 603
23595, 609
23644, 609
23694, 603
23744, 605
23794, 611
23844, 607
23894, 612
23944, 610
23994, 607
24044, 615
24094, 607
24144, 609
24194, 610
24244, 610
24294, 608
24344, 605
24394, 609
24443, 609
24494, 616
24544, 610
24594, 617
24644, 614
24693, 607
24743, 617
24794, 609
24844, 610
24894, 611
24943, 607
24993, 610
25043, 604
25094, 602
25144, 610
25193, 608
25243, 602
25293, 606
25344, 607
25394, 611
25444, 615
25493, 612
25543, 606
25593, 612
25644, 608
25694, 612
25743, 604
25793, 608
25843, 607
25893, 608
25944, 610
25993, 614
26043, 612
26093, 612
26143, 603
26193, 606
26243, 613
26293, 607
26343, 616
26393, 610
26443, 604
26493, 601
26543, 603
26593, 608
26643, 607
26693, 608
26743, 613
26792, 604
26843, 614
26893, 607
26943, 608
26993, 608
27042, 607
27092, 603
27143, 609
27193, 607
27243, 611
27292, 609
27342, 609
27393, 608
27443, 605
27493, 613
27542, 603
27592, 609
27642, 607
27693, 611
27743, 611
27793, 608
27842, 610
27892, 602
27942, 607
27993, 610
28043, 603
28092, 608
28142, 604
28192, 608
28242, 609
28293, 605
28342, 603
28392, 604
28442, 607
28492, 613
28542, 610
28592, 609
28642, 609
28692, 612
28742, 614
28792, 609
28843, 603
28892, 609
28942, 603
28992, 604
29042, 609
29092, 609
29142, 608
29192, 607
29242, 608
29292, 604
29342, 599
29391, 610
29442, 608
29492, 612
29542, 609
29592, 612
29641, 607
29691, 606
29742, 607
29792, 608
29842, 610
29891, 606
29941, 611
29991, 606
30042, 608
30092, 607
30142, 610
30191, 609
30241, 609
30291, 610
30342, 606
30392, 616
30441, 611
30491, 610
30541, 607
30592, 611
30642, 607
30691, 610
30741, 612
30791, 605
30841, 610
30892, 613
30941, 609
30991, 613
31041, 607
31091, 612
31141, 608
31192, 610
31241, 609
31291, 614
31341, 614
31391, 607
31441, 610
31491, 611
31541, 615
31591, 611
31641, 618
31691, 611
31740, 608
31791, 608
31841, 612
31891, 610
31941, 614
31990, 610
32040, 611
32091, 606
32141, 610
32191, 605
32240, 613
32290, 616
32340, 610
32391, 606
32441, 609
32491, 612
32540, 609
32590, 609
32641, 608
32691, 610
32741, 608
32790, 613
32840, 614
32890, 611
32941, 609
32991, 611
33040, 607
33090, 614
33140, 610
33190, 612
33241, 610
33290, 611
33340, 611
33390, 607
33440, 607
33490, 610
33541, 612
33590, 609
33640, 613
33690, 612
33740, 614
33790, 611
33840, 612
33890, 611
33940, 615
33990, 612
34040, 615
34089, 610
34140, 609
34190, 607
34240, 607
34290, 607
34339, 610
34390, 609
34440, 614
34490, 611
34540, 611
34590, 607
34639, 607
34690, 612
34740, 610
34790, 613
34840, 615
34889, 610
34939, 610
34990, 609
35040, 610
35090, 612
35139, 608
35189, 610
35239, 611
35290, 613
35340, 610
35389, 610
35439, 610
35489, 614
35539, 612
35590, 614
35639, 611
35689, 612
35739, 613
35789, 612
35840, 607
35890, 611
35939, 607
35989, 605
36039, 609
36089, 612
36140, 611
36189, 610
36239, 614
36289, 611
36339, 613
36389, 610
36439, 611
36489, 607
36539, 613
36589, 606
36639, 612
36688, 610
36739, 609
36789, 609
36839, 608
36889, 608
36939, 606
36988, 612
37039, 612
37089, 614
37139, 615
37189, 613
37238, 613
37288, 612
37339, 612
37389, 610
37439, 609
37488, 612
37538, 609
37588, 608
37639, 608
37689, 606
37738, 608
37788, 607
37838, 606
37889, 611
37939, 609
37988, 605
38038, 609
38088, 609
38138, 609
38189, 610
38239, 608
38288, 608
38338, 610
38388, 609
38438, 605
38489, 608
38538, 607
38588, 619
38638, 612
38688, 612
38738, 610
38788, 606
38838, 610
38888, 606
38938, 607
38988, 606
39037, 610
39088, 611
39138, 609
39188, 603
39238, 598
39288, 609
39337, 608
39388, 613
39438, 612
39488, 610
39538, 610
39587, 620
39638, 608
39688, 616
39738, 608
39788, 611
39837, 602
39887, 610
39938, 615
39988, 602
40038, 607
40087, 607
40137, 608
40187, 611
40238, 610
40288, 607
40337, 614
40387, 609
40437, 611
40487, 612
40538, 608
40588, 606
40637, 610
40687, 615
40737, 612
40787, 609
40838, 610
40887, 602
40937, 615
40987, 614
41037, 614
41088, 610
41137, 607
41187, 606
41237, 612
41287, 607
41337, 610
41387, 611
41437, 601
41487, 609
41537, 608
41587, 607
41637, 607
41687, 604
41737, 606
41787, 614
41837, 613
41887, 607
41936, 611
41987, 610
42037, 609
42087, 608
42137, 615
42186, 608
42236, 613
42287, 608
42337, 612
42387, 620
42436, 606
42486, 608
42536, 609
42587, 613
42637, 605
42686, 617
42736, 616
42786, 610
42836, 617
42887, 611
42937, 610
42986, 617
43036, 609
43086, 618
43137, 603
43187, 609
43236, 602
43286, 618
43336, 611
43386, 612
43437, 606
43486, 603
43536, 610
43586, 621
43636, 602
43686, 605
43736, 609
43786, 610
43836, 602
43886, 616
43936, 615
43986, 604
44036, 612
44086, 615
44136, 616
44186, 613
44236, 606
44285, 604
44336, 608
44386, 609
44436, 606
44486, 609
44535, 608
44585, 608
44636, 602
44686, 622
44736, 610
44785, 619
44835, 613
44886, 611
44936, 610
44986, 603
45035, 609
45085, 610
45135, 611
45186, 610
45236, 610
45286, 604
45335, 608
45385, 617
45435, 618
45486, 606
45536, 610
45585, 617
45635, 613
45685, 606
45735, 611
45786, 611
45835, 609
45885, 609
45935, 603
45985, 616
46035, 608
46085, 613
46135, 615
46185, 618
46235, 602
46285, 620
46336, 612
46385, 600
46435, 613
46485, 610
46535, 617
46585, 612
46635, 616
46685, 612
46735, 615
46785, 610
46835, 607
46884, 615
46935, 612
46985, 611
47035, 611
47085, 612
47134, 611
47184, 610
47235, 612
47285, 612
47335, 607
47385, 614
47434, 612
47484, 618
47535, 614
47585, 609
47635, 612
47684, 610
47734, 608
47784, 615
47835, 608
47885, 609
47934, 616
47984, 621
48034, 616
48084, 606
48135, 608
48184, 607
48234, 608
48284, 610
48334, 604
48385, 614
48434, 608
48484, 608
48534, 606
48584, 606
48634, 612
48685, 617
48734, 604
48784, 610
48834, 608
48884, 603
48934, 619
48984, 610
49034, 605
49084, 612
49134, 607
49184, 608
49233, 604
49284, 613
49334, 609
49384, 612
49434, 610
49483, 613
49533, 610
49584, 614
49634, 603
49684, 617
49734, 613
49783, 612
49833, 615
49884, 610
49934, 609
49984, 611
50033, 614
50083, 612
50134, 608
50184, 613
50234, 607
50283, 608
50333, 613
50383, 610
50434, 607
50484, 604
50533, 615
50583, 611
50633, 618
50683, 612
50734, 604
50783, 606
50833, 616
50883, 614
50933, 613
50983, 608
51034, 608
51083, 602
51133, 613
51183, 607
51233, 617
51283, 616
51333, 619
51383, 616
51433, 615
51483, 603
51533, 609
51582, 611
51633, 617
51683, 612
51733, 614
51783, 611
51832, 616
51883, 611
51933, 608
51983, 608
52033, 607
52083, 611
52132, 616
52183, 618
52233, 612
52283, 610
52333, 615
52382, 619
52432, 608
52483, 618
52533, 611
52583, 608
52632, 611
52682, 610
52732, 600
52783, 606
52833, 606
52882, 611
52932, 613
52982, 615
53032, 613
53083, 605
53132, 606
53182, 614
53232, 609
53282, 613
53332, 611
53383, 615
53432, 612
53482, 606
53532, 608
53582, 614
53633, 610
53682, 609
53732, 608
53782, 605
53832, 607
53882, 616
53932, 604
53982, 610
54032, 611
54082, 610
54132, 606
54181, 605
54232, 603
54282, 594
54332, 602
54382, 610
54432, 614
54481, 612
54532, 608
54582, 612
54632, 608
54682, 606
54731, 609
54781, 604
54832, 608
54882, 609
54932, 606
54981, 613
55031, 601
55081, 605
55132, 605
55182, 614
55231, 609
55281, 612
55331, 608
55382, 618
55432, 615
55481, 612
55531, 606
55581, 609
55631, 613
55682, 608
55732, 609
55781, 598
55831, 612
55881, 609
55931, 609
55982, 611
56031, 612
56081, 612
56131, 609
56181, 607
56231, 608
56281, 610
56331, 609
56381, 606
56431, 606
56481, 612
56530, 600
56581, 610
56631, 599
56681, 607
56731, 612
56781, 612
56830, 607
56881, 609
56931, 606
56981, 611
57031, 612
57080, 611
57131, 612
57181, 613
57231, 605
57281, 598
57330, 609
57380, 603
57431, 611
57481, 606
57531, 608
57580, 607
57630, 618
57680, 611
57731, 618
57781, 623
57830, 611
57880, 608
57930, 608
57980, 610
58031, 611
58081, 614
58130, 609
58180, 605
58230, 605
58280, 608
58331, 611
58380, 618
58430, 614
58480, 615
58530, 621
58580, 609
58630, 610
58680, 610
58730, 610
58780, 608
58830, 610
58880, 608
58930, 611
58980, 608
59030, 603
59080, 606
59130, 610
59180, 606
59230, 610
59280, 605
59330, 610
59380, 604
59429, 611
59480, 603
59530, 604
59580, 610
59630, 605
59679, 607
59729, 609
59780, 609
59830, 613
59880, 603
59929, 604
59979, 607
60029, 609
60080, 606
60130, 610
60180, 608
60229, 613
60279, 609
60329, 608
60380, 604
60430, 604
60479, 608
60529, 608
60579, 600
60630, 607
60680, 604
60729, 603
60779, 602
60829, 607
60879, 602
60930, 609
60979, 601
61029, 609
61079, 602
61129, 597
61179, 603
61229, 612
61279, 607
61329, 606
61379, 605
61429, 605
61479, 597
61529, 597
61579, 601
61629, 610
61679, 605
61729, 604
61778, 605
61829, 595
61879, 599
61929, 603
61979, 598
62028, 600
62078, 608
62129, 600
62179, 609
62229, 607
62278, 604
62328, 604
62379, 601
62429, 605
62479, 599
62529, 606
62578, 599
62628, 610
62679, 600
62729, 608
62779, 604
62828, 602
62878, 611
62928, 606
62979, 609
63029, 597
63078, 604
63128, 611
63178, 603
63228, 604
63279, 605
63328, 608
63378, 607
63428, 606
63478, 608
63528, 610
63578, 609
63628, 604
63678, 609
63728, 608
63778, 608
63828, 611
63878, 608
63928, 605
63978, 607
64028, 605
64078, 607
64128, 606
64178, 608
64228, 607
64278, 612
64328, 599
64377, 606
64428, 609
64478, 604
64528, 608
64578, 605
64627, 611
64677, 610
64728, 612
64778, 602
64828, 610
64878, 596
64927, 607
64977, 608
65028, 605
65078, 614
65128, 610
65177, 610
65227, 604
65277, 615
65328, 609
65378, 602
65427, 605
65477, 606
65527, 602
65577, 609
65628, 609
65677, 607
65727, 614
65777, 608
65827, 611
65878, 611
65927, 609
65977, 607
66027, 611
66077, 605
66127, 610
66178, 607
66227, 610
66277, 609
66327, 614
66377, 611
66427, 607
66477, 606
66527, 602
66577, 609
66627, 606
66677, 606
66726, 615
66777, 613
66827, 608
66877, 600
66927, 608
66976, 606
67026, 607
67077, 608
67127, 611
67177, 606
67227, 603
67276, 600
67326, 613
67377, 606
67427, 605
67477, 606
67526, 608
67576, 603
67627, 597
67677, 597
67727, 608
67776, 614
67826, 604
67876, 611
67927, 612
67977, 604
68026, 610
68076, 611
68126, 615
68176, 600
68227, 612
68276, 606
68326, 609
68376, 608
68426, 611
68476, 607
68527, 601
68576, 612
68626, 608
68676, 614
68726, 607
68776, 609
68826, 607
68876, 608
68926, 606
68976, 608
69026, 599
69075, 606
69126, 607
69176, 605
69226, 602
69276, 607
69325, 601
69376, 606
69426, 604
69476, 611
69526, 606
69576, 609
69625, 606
69676, 606
69726, 606
69776, 601
69826, 610
69875, 604
69925, 603
69976, 605
70026, 599
70076, 602
70125, 604
70175, 610
70225, 606
70276, 604
70326, 607
70375, 606
70425, 605
70475, 613
70525, 600
70576, 604
70625, 600
70675, 607
70725, 613
70775, 602
70825, 609
70876, 603
70925, 601
70975, 602
71025, 602
71075, 609
71126, 608
71175, 608
71225, 606
71275, 609
71325, 607
71375, 601
71425, 607
71475, 605
71525, 601
71575, 601
71625, 607
71674, 603
71725, 605
71775, 602
71825, 601
71875, 602
71925, 605
71974, 606
72025, 605
72075, 612
72125, 604
72175, 607
72224, 607
72274, 600
72325, 604
72375, 609
72425, 606
72474, 607
72524, 603
72574, 601
72625, 601
72675, 605
72724, 605
72774, 608
72824, 609
72875, 606
72925, 605
72975, 603
73024, 603
73074, 604
73124, 603
73175, 603
73225, 605
73274, 603
73324, 605
73374, 608
73424, 601
73475, 606
73524, 602
73574, 609
73624, 607
73674, 607
73724, 607
73774, 606
73824, 604
73874, 608
73924, 608
73974, 604
74023, 605
74074, 603
74124, 602
74174, 601
74224, 606
74274, 602
74323, 606
74374, 605
74424, 609
74474, 605
74524, 607
74573, 609
74624, 607
74674, 606
74724, 603
74774, 611
74823, 605
74873, 610
74924, 609
74974, 606
75024, 606
75073, 610
75123, 607
75173, 607
75224, 608
75274, 603
75324, 606
75373, 603
75423, 603
75473, 606
75524, 608
75574, 605
75623, 610
75673, 603
75723, 600
75773, 607
75824, 603
75873, 604
75923, 603
75973, 604
76023, 602
76073, 605
76123, 604
76173, 605
76223, 603
76273, 609
76323, 604
76372, 607
76423, 605
76473, 602
76523, 603
76573, 612
76623, 604
76673, 604
76723, 605
76773, 605
76823, 606
76873, 606
76922, 613
76973, 602
77023, 605
77073, 607
77123, 599
77172, 605
77222, 606
77273, 606
77323, 605
77373, 600
77422, 604
77472, 602
77522, 605
77573, 604
77623, 606
77673, 600
77722, 600
77772, 602
77822, 605
77873, 602
77923, 608
77972, 610
78022, 603
78072, 608
78123, 608
78173, 609
78222, 602
78272, 607
78322, 604
78372, 602
78423, 602
78472, 604
78522, 605
78572, 604
78622, 605
78672, 602
78722, 605
78772, 600
78822, 603
78872, 600
78922, 604
78972, 604
79022, 606
79072, 601
79122, 607
79172, 612
79222, 605
79271, 609
79322, 611
79372, 606
79422, 601
79472, 605
79521, 602
79571, 605
79622, 602
79672, 600
79722, 605
79771, 602
79821, 604
79872, 612
79922, 604
79972, 603
80022, 604
80071, 608
80121, 600
80172, 603
80222, 606
80272, 602
80321, 607
80371, 607
80421, 603
80472, 604
80522, 604
80571, 606
80621, 609
80671, 604
80721, 612
80772, 608
80821, 607
80871, 599
80921, 610
80971, 605
81021, 609
81071, 607
81121, 605
81171, 604
81221, 606
81271, 613
81321, 605
81371, 604
81421, 610
81471, 602
81521, 605
81571, 601
81620, 601
81671, 607
81721, 605
81771, 611
81821, 605
81870, 603
81921, 610
81971, 606
82021, 606
82071, 610
82120, 607
82170, 603
82221, 607
82271, 603
82321, 605
82371, 604
82420, 604
82470, 605
82521, 605
82571, 608
82621, 608
82670, 609
82720, 610
82770, 610
82821, 609
82871, 605
82920, 602
82970, 603
83020, 603
83070, 606
83121, 605
83170, 606
83220, 609
83270, 603
83320, 604
83371, 604
83420, 606
83470, 604
83520, 605
83570, 600
83620, 603
83671, 612
83720, 604
83770, 609
83820, 609
83870, 605
83920, 605
83970, 608
84020, 606
84070, 611
84120, 608
84170, 612
84219, 608
84270, 604
84320, 609
84370, 608
84420, 603
84469, 610
84519, 607
84570, 609
84620, 612
84670, 605
84720, 610
84769, 609
84819, 610
84870, 615
84920, 614
84970, 603
85019, 609
85069, 609
85120, 613
85170, 610
85220, 605
85269, 607
85319, 609
85369, 616
85420, 615
85470, 605
85519, 614
85569, 608
85619, 606
85669, 604
85720, 608
85770, 609
85819, 614
85869, 605
85919, 605
85969, 608
86020, 615
86069, 611
86119, 615
86169, 614
86219, 611
86269, 613
86319, 614
86369, 607
86419, 612
86469, 608
86519, 606
86568, 608
86619, 605
86669, 605
86719, 610
86769, 606
86818, 612
86868, 606
86919, 612
86969, 611
87019, 609
87069, 611
87118, 611
87169, 611
87219, 612
87269, 612
87319, 611
87368, 613
87418, 612
87469, 610
87519, 611
87569, 610
87618, 610
87668, 607
87718, 614
87769, 610
87819, 605
87868, 605
87918, 604
87968, 609
88018, 607
88069, 614
88119, 614
88168, 607
88218, 608
88268, 608
88318, 608
88369, 607
88418, 609
88468, 611
88518, 611
88568, 608
88619, 608
88668, 615
88718, 612
88768, 610
88818, 612
88868, 607
88918, 607
88968, 609
89018, 608
89068, 607
89118, 608
89167, 607
89218, 609
89268, 609
89318, 608
89368, 608
89418, 608
89467, 610
89518, 610
89568, 612
89618, 609
89668, 609
89717, 607
89767, 610
89818, 610
89868, 609
89918, 614
89967, 608
90017, 614
90067, 609
90118, 610
90168, 610
90217, 608
90267, 614
90317, 610
90368, 610
90418, 607
90468, 611
90517, 612
90567, 609
90617, 607
90668, 610
90718, 608
90767, 605
90817, 606
90867, 606
90917, 609
90968, 611
91017, 610
91067, 612
91117, 607
91167, 610
91217, 607
91267, 616
91317, 609
91367, 612
91417, 608
91467, 609
91516, 607
91567, 604
91617, 609
91667, 613
91717, 611
91767, 607
91816, 607
91867, 609
91917, 609
91967, 612
92017, 608
92066, 611
92116, 609
92167, 610
92217, 607
92267, 608
92316, 609
92366, 610
92417, 612
92467, 610
92517, 609
92566, 606
92616, 607
92666, 611
92717, 608
92767, 610
92817, 612
92866, 604
92916, 608
92966, 610
93017, 608
93067, 606
93116, 611
93166, 606
93216, 606
93266, 606
93317, 608
93366, 609
93416, 615
93466, 611
93516, 610
93566, 612
93616, 610
93666, 610
93716, 611
93766, 607
93816, 611
93865, 609
93916, 609
93966, 611
94016, 610
94066, 610
94116, 610
94166, 614
94216, 614
94266, 611
94316, 612
94366, 611
94415, 613
94466, 612
94516, 609
94566, 611
94616, 606
94665, 608
94715, 607
94766, 608
94816, 611
94866, 609
94915, 608
94965, 605
95015, 608
95066, 603
95116, 606
95166, 607
95215, 609
95265, 607
95315, 610
95366, 610
95416, 610
95465, 608
95515, 608
95565, 608
95616, 606
95666, 608
95715, 608
95765, 612
95815, 608
95865, 604
95916, 610
95965, 606
96015, 603
96065, 606
96115, 606
96165, 608
96215, 613
96265, 609
96315, 598
96365, 607
96415, 610
96465, 594
96515, 579
96565, 568
96615, 536
96665, 506
96715, 509
96764, 519
96815, 510
96865, 531
96915, 544
96965, 525
97014, 554
97064, 553
97115, 569
97165, 565
97215, 580
97264, 587
97314, 583
97364, 586
97415, 595
97465, 593
97515, 603
97564, 589
97614, 586
97665, 591
97715, 596
97765, 600
97814, 600
97864, 603
97914, 606
97965, 602
98015, 594
98064, 599
98114, 596
98164, 592
98214, 602
98265, 597
98314, 610
98364, 595
98414, 604
98464, 604
98514, 599
98565, 602
98614, 597
98664, 601
98714, 599
98764, 595
98814, 604
98864, 587
98914, 590
98964, 580
99014, 601
99064, 596
99113, 591
99164, 600
99214, 595
99264, 599
99314, 590
99363, 595
99414, 600
99464, 594
99514, 592
99564, 607
99613, 597
99663, 594
99714, 605
99764, 610
99814, 604
99864, 605
99913, 602
99963, 605
100014, 606
100068, 603
100122, 601
100176, 597
100230, 609
100284, 606
100338, 603
100392, 604
100447, 603
100501, 612
100555, 607
100610, 611
100663, 609
100717, 606
100771, 608
100826, 610
100880, 602
100934, 605
100988, 607
101043, 605
101096, 605
101150, 608
101204, 612
101259, 608
101313, 613
101367, 617
101422, 607
101476, 617
101529, 611
101583, 604
101638, 614
101692, 604
101746, 613
101800, 607
101855, 609
101909, 609
101962, 607
102017, 608
102071, 611
102125, 614
102179, 606
102234, 608
102288, 618
102342, 609
102395, 613
102450, 611
102504, 610
102558, 604
102612, 612
102667, 610
102721, 609
102775, 606
102830, 606
102883, 607
102937, 609
102991, 607
103046, 610
103100, 601
103154, 609
103208, 608
103263, 609
103316, 610
103370, 613
103425, 611
103479, 616
103533, 605
103587, 608
103642, 610
103696, 608
103749, 607
103803, 608
103858, 612
103912, 607
103966, 610
104020, 611
104075, 611
104129, 608
104182, 611
104237, 613
104291, 605
104345, 610
104399, 609
104454, 611
104508, 607
104562, 612
104615, 606
104670, 606
104724, 604
104778, 613
104833, 609
104887, 606
104941, 612
104995, 613
105049, 608
105103, 618
105157, 612
105211, 602
105266, 604
105320, 609
105374, 603
105428, 612
105482, 611
105536, 607
105590, 617
105645, 609
105699, 601
105753, 604
105807, 606
105862, 612
105915, 607
105969, 610
106023, 606
106078, 613
106132, 611
106186, 609
106241, 606
106295, 611
106348, 606
106402, 607
106457, 609
106511, 607
106565, 612
106619, 609
106674, 607
106728, 614
106781, 608
106835, 607
106890, 611
106944, 608
106998, 615
107053, 604
107107, 603
107161, 599
107214, 614
107269, 602
107323, 608
107377, 607
107431, 607
107486, 604
107540, 604
107594, 602
107648, 598
107702, 598
107756, 596
107810, 602
107865, 601
107919, 600
107973, 600
108027, 600
108081, 607
108135, 601
108189, 602
108243, 604
108298, 603
108352, 603
108406, 605
108461, 612
108514, 604
108568, 595
108622, 598
108677, 600
108731, 600
108785, 596
108839, 600
108894, 592
108947, 607
109001, 608
109056, 603
109110, 609
109164, 605
109218, 599
109273, 602
109327, 599
109380, 606
109434, 608
109489, 603
109543, 598
109597, 603
109651, 603
109706, 602
109760, 609
109814, 602
109868, 595
109922, 600
109976, 601
110030, 604
110085, 599
110139, 602
110193, 590
110247, 597
110301, 596
110355, 598
110409, 605
110464, 595
110518, 599
110572, 604
110626, 593
110681, 603
110734, 612
110788, 605
110842, 608
110897, 601
110951, 602
111005, 601
111059, 602
111114, 604
111167, 596
111221, 604
111276, 604
111330, 602
111384, 596
111438, 603
111493, 606
111547, 607
111600, 606
111654, 606
111709, 610
111763, 600
111817, 602
111872, 601
111926, 605
111980, 606
112033, 606
112088, 602
112142, 602
112196, 605
112250, 602
112305, 609
112359, 611
112413, 604
112466, 606
112521, 603
112575, 607
112629, 609
112684, 597
112738, 604
112792, 597
112846, 608
112900, 600
112954, 609
113008, 610
113062, 606
113117, 612
113171, 607
113225, 603
113280, 612
113333, 608
113387, 607
113441, 602
113496, 607
113550, 603
113604, 604
113658, 605
113713, 607
113766, 610
113820, 612
113874, 604
113929, 612
113983, 606
114037, 610
114092, 607
114146, 610
114199, 615
114253, 604
114308, 613
114362, 610
114416, 606
114470, 611
114525, 611
114579, 604
114632, 612
114686, 606
114741, 603
114795, 605
114849, 600
114904, 602
114958, 603
115012, 605
115065, 610
115120, 602
115174, 608
115228, 611
115282, 611
115337, 608
115391, 608
115445, 605
115499, 609
115553, 614
115607, 608
115661, 612
115716, 608
115770, 603
115824, 601
115878, 600
115932, 603
115986, 613
116040, 610
116094, 612
116149, 605
116203, 603
116257, 609
116312, 608
116365, 600
116419, 605
116473, 608
116528, 605
116582, 602
116636, 601
116690, 599
116745, 606
116799, 611
116852, 608
116907, 615
116961, 612
117015, 609
117069, 611
117124, 606
117178, 610
117232, 611
117285, 600
117340, 605
117394, 609
117448, 603
117502, 601
117557, 603
117611, 602
117665, 605
117719, 610
117773, 605
117827, 606
117881, 610
117936, 606
117990, 606
118044, 604
118098, 611
118152, 609
118206, 601
118260, 603
118315, 602
118369, 606
118423, 605
118477, 604
118532, 603
118585, 605
118639, 603
118693, 604