0, 584
0, 586
1, 581
1, 587
1, 575
2, 581
2, 587
2, 587
28, 587
66, 587
104, 581
145, 586
187, 591
229, 588
270, 591
312, 583
354, 581
395, 585
437, 582
479, 589
520, 594
562, 582
604, 589
645, 582
687, 588
729, 580
770, 582
812, 587
854, 587
894, 588
936, 590
978, 592
1019, 591
1065, 590
1112, 583
1158, 581
1203, 579
1249, 589
1295, 588
1341, 588
1386, 580
1432, 581
1478, 587
1524, 585
1569, 579
1615, 587
1661, 590
1708, 594
1753, 587
1799, 594
1845, 581
1890, 585
1936, 588
1982, 583
2028, 590
2073, 586
2119, 588
2165, 593
2211, 589
2256, 592
2302, 583
2349, 585
2395, 597
2440, 593
2486, 592
2532, 577
2578, 589
2623, 590
2669, 588
2715, 585
2761, 588
2806, 590
2852, 590
2898, 585
2945, 596
2990, 579
3036, 582
3082, 584
3127, 589
3173, 589
3219, 586
3265, 582
3310, 586
3356, 583
3402, 587
3448, 587
3493, 587
3539, 583
3586, 587
3632, 597
3677, 585
3723, 581
3769, 587
3815, 578
3860, 589
3906, 575
3952, 594
3998, 594
4043, 587
4089, 574
4135, 575
4182, 590
4227, 581
4273, 587
4319, 590
4365, 587
4410, 586
4456, 587
4502, 581
4547, 584
4593, 585
4639, 574
4685, 582
4730, 586
4776, 581
4823, 582
4869, 588
4914, 590
4960, 589
5006, 584
5052, 591
5097, 584
5143, 581
5189, 578
5235, 587
5280, 582
5326, 590
5372, 580
5419, 586
5464, 588
5510, 587
5556, 590
5602, 590
5647, 588
5693, 586
5739, 586
5784, 587
5830, 578
5876, 579
5922, 588
5967, 579
6013, 594
6060, 585
6106, 578
6151, 594
6197, 590
6243, 584
6289, 589
6334, 582
6380, 587
6426, 584
6472, 580
6517, 565
6563, 569
6609, 566
6656, 575
6701, 550
6747, 556
6793, 566
6839, 552
6884, 561
6930, 553
6976, 554
7021, 561
7067, 561
7113, 558
7159, 563
7204, 573
7250, 562
7297, 571
7343, 562
7388, 563
7434, 570
7480, 573
7526, 555
7571, 562
7617, 576
7663, 578
7709, 581
7754, 589
7800, 577
7846, 578
7892, 561
7938, 549
7984, 531
8030, 538
8076, 546
8121, 553
8167, 575
8213, 563
8259, 567
8304, 554
8350, 565
8396, 555
8441, 563
8487, 555
8534, 558
8580, 557
8625, 567
8671, 567
8717, 568
8763, 563
8808, 575
8854, 570
8900, 568
8946, 572
8991, 579
9037, 580
9083, 583
9129, 570
9175, 567
9221, 575
9267, 560
9313, 576
9358, 590
9404, 583
9450, 571
9496, 578
9541, 562
9587, 564
9633, 589
9678, 584
9724, 587
9771, 580
9817, 589
9862, 573
9908, 584
9954, 592
10000, 594
10049, 585
10099, 588
10149, 574
10200, 586
10250, 582
10300, 573
10349, 585
10399, 582
10449, 582
10500, 583
10550, 589
10599, 587
10649, 590
10699, 583
10749, 596
10800, 591
10849, 588
10899, 590
10949, 582
10999, 586
11049, 583
11099, 575
11149, 585
11199, 587
11249, 584
11299, 594
11350, 582
11399, 589
11449, 589
11499, 596
11549, 589
11599, 586
11649, 593
11699, 603
11749, 584
11799, 598
11849, 603
11898, 590
11949, 579
11999, 590
12049, 597
12099, 592
12148, 598
12198, 589
12249, 595
12299, 595
12349, 596
12398, 591
12448, 593
12498, 589
12549, 583
12599, 590
12649, 586
12698, 585
12748, 580
12798, 584
12849, 595
12899, 594
12948, 610
12998, 596
13048, 598
13099, 581
13149, 589
13198, 589
13248, 593
13298, 590
13348, 595
13399, 596
13448, 597
13498, 605
13548, 597
13598, 605
13648, 585
13699, 584
13748, 586
13798, 585
13848, 596
13898, 604
13948, 596
13998, 583
14048, 594
14098, 592
14148, 595
14198, 602
14247, 599
14298, 593
14348, 600
14398, 595
14448, 596
14497, 584
14547, 576
14598, 596
14648, 594
14698, 595
14747, 592
14797, 596
14848, 581
14898, 590
14948, 592
14998, 592
15047, 592
15097, 603
15148, 600
15198, 595
15248, 590
15297, 598
15347, 602
15397, 594
15448, 593
15498, 593
15547, 592
15597, 594
15647, 602
15697, 606
15748, 588
15797, 595
15847, 598
15897, 606
15947, 602
15997, 594
16048, 591
16097, 601
16147, 596
16197, 594
16247, 599
16297, 601
16347, 602
16397, 595
16447, 596
16497, 605
16547, 603
16596, 607
16647, 611
16697, 596
16747, 597
16797, 599
16846, 605
16897, 591
16947, 605
16997, 592
17047, 597
17096, 603
17146, 601
17197, 601
17247, 605
17297, 608
17347, 607
17396, 608
17446, 604
17497, 592
17547, 597
17597, 601
17646, 596
17696, 600
17746, 605
17797, 602
17847, 593
17896, 598
17946, 600
17996, 600
18046, 603
18097, 606
18146, 602
18196, 610
18246, 602
18296, 598
18347, 593
18397, 599
18446, 601
18496, 602
18546, 603
18596, 597
18647, 606
18696, 604
18746, 599
18796, 599
18846, 603
18896, 600
18946, 598
18996, 595
19046, 600
19096, 607
19146, 603
19195, 602
19246, 604
19296, 594
19346, 601
19396, 601
19445, 602
19495, 602
19546, 603
19596, 603
19646, 598
19696, 605
19745, 609
19795, 597
19846, 605
19896, 592
19946, 598
19995, 598
20045, 604
20096, 611
20146, 611
20196, 599
20245, 601
20295, 600
20345, 600
20396, 602
20446, 597
20495, 600
20545, 601
20595, 600
20645, 599
20696, 601
20746, 600
20795, 602
20845, 601
20895, 600
20945, 604
20996, 599
21045, 602
21095, 604
21145, 608
21195, 601
21245, 600
21295, 595
21345, 606
21395, 599
21445, 599
21495, 601
21544, 603
21595, 604
21645, 604
21695, 601
21745, 599
21795, 600
21844, 597
21895, 606
21945, 603
21995, 598
22045, 606
22094, 612
22145, 605
22195, 600
22245, 598
22295, 600
22344, 604
22394, 604
22445, 599
22495, 600
22545, 603
22594, 600
22644, 603
22694, 596
22745, 598
22795, 602
22844, 600
22894, 602
22944, 607
22994, 603
23045, 608
23095, 614
23144, 606
23194, 608
23244, 601
23294, 609
23345, 605
23394, 609
23444, 604
23494, 605
23544, 599
23595, 596
23644, 597
23694, 600
23744, 600
23794, 605
23844, 602
23894, 601
23944, 603
23994, 602
24044, 608
24094, 607
24144, 608
24194, 603
24244, 600
24294, 601
24344, 603
24394, 598
24443, 600
24494, 609
24544, 596
24594, 600
24644, 605
24693, 604
24743, 592
24794, 608
24844, 601
24894, 602
24943, 601
24993, 611
25043, 610
25094, 618
25144, 607
25193, 593
25243, 596
25293, 596
25344, 601
25394, 600
25444, 602
25493, 604
25543, 601
25593, 608
25644, 604
25694, 603
25743, 602
25793, 607
25843, 611
25893, 611
25944, 613
25993, 607
26043, 600
26093, 602
26143, 611
26193, 602
26243, 601
26293, 606
26343, 600
26393, 603
26443, 606
26493, 604
26543, 609
26593, 593
26643, 607
26693, 612
26743, 607
26792, 606
26843, 609
26893, 600
26943, 601
26993, 605
27042, 606
27092, 602
27143, 607
27193, 606
27243, 602
27292, 600
27342, 605
27393, 605
27443, 612
27493, 607
27542, 607
27592, 604
27642, 608
27693, 606
27743, 611
27793, 609
27842, 603
27892, 611
27942, 601
27993, 604
28043, 606
28092, 605
28142, 605
28192, 602
28242, 607
28293, 606
28342, 597
28392, 603
28442, 596
28492, 609
28542, 606
28592, 608
28642, 603
28692, 611
28742, 599
28792, 594
28843, 605
28892, 595
28942, 616
28992, 608
29042, 607
29092, 607
29142, 609
29192, 609
29242, 606
29292, 606
29342, 601
29391, 603
29442, 606
29492, 596
29542, 602
29592, 605
29641, 610
29691, 607
29742, 608
29792, 607
29842, 610
29891, 593
29941, 612
29991, 600
30042, 599
30092, 604
30142, 611
30191, 611
30241, 606
30291, 594
30342, 600
30392, 612
30441, 603
30491, 600
30541, 606
30592, 612
30642, 611
30691, 612
30741, 614
30791, 593
30841, 603
30892, 591
30941, 605
30991, 596
31041, 603
31091, 607
31141, 605
31192, 601
31241, 609
31291, 597
31341, 606
31391, 599
31441, 602
31491, 610
31541, 606
31591, 610
31641, 603
31691, 604
31740, 609
31791, 606
31841, 602
31891, 605
31941, 595
31990, 610
32040, 603
32091, 595
32141, 602
32191, 596
32240, 608
32290, 607
32340, 605
32391, 610
32441, 610
32491, 612
32540, 607
32590, 610
32641, 601
32691, 610
32741, 596
32790, 611
32840, 614
32890, 610
32941, 613
32991, 606
33040, 603
33090, 607
33140, 594
33190, 601
33241, 599
33290, 608
33340, 610
33390, 607
33440, 614
33490, 599
33541, 609
33590, 606
33640, 599
33690, 602
33740, 600
33790, 589
33840, 610
33890, 608
33940, 599
33990, 601
34040, 608
34089, 605
34140, 599
34190, 608
34240, 611
34290, 609
34339, 607
34390, 604
34440, 600
34490, 605
34540, 591
34590, 602
34639, 607
34690, 604
34740, 596
34790, 598
34840, 607
34889, 605
34939, 603
34990, 605
35040, 614
35090, 618
35139, 608
35189, 606
35239, 596
35290, 607
35340, 610
35389, 599
35439, 611
35489, 602
35539, 593
35590, 604
35639, 604
35689, 602
35739, 610
35789, 611
35840, 608
35890, 607
35939, 605
35989, 605
36039, 608
36089, 608
36140, 604
36189, 605
36239, 604
36289, 605
36339, 600
36389, 598
36439, 607
36489, 611
36539, 609
36589, 609
36639, 613
36688, 608
36739, 604
36789, 606
36839, 605
36889, 608
36939, 607
36988, 607
37039, 599
37089, 600
37139, 600
37189, 604
37238, 608
37288, 609
37339, 609
37389, 606
37439, 603
37488, 611
37538, 607
37588, 609
37639, 609
37689, 603
37738, 598
37788, 598
37838, 601
37889, 601
37939, 601
37988, 602
38038, 602
38088, 599
38138, 607
38189, 609
38239, 608
38288, 608
38338, 605
38388, 608
38438, 605
38489, 608
38538, 608
38588, 602
38638, 602
38688, 602
38738, 603
38788, 603
38838, 601
38888, 599
38938, 606
38988, 605
39037, 609
39088, 606
39138, 606
39188, 605
39238, 603
39288, 601
39337, 612
39388, 600
39438, 609
39488, 609
39538, 604
39587, 602
39638, 598
39688, 602
39738, 597
39788, 610
39837, 613
39887, 610
39938, 613
39988, 602
40038, 603
40087, 603
40137, 612
40187, 603
40238, 609
40288, 607
40337, 602
40387, 592
40437, 598
40487, 573
40538, 578
40588, 571
40637, 585
40687, 579
40737, 574
40787, 582
40838, 592
40887, 592
40937, 589
40987, 590
41037, 595
41088, 586
41137, 589
41187, 581
41237, 591
41287, 590
41337, 594
41387, 592
41437, 594
41487, 594
41537, 596
41587, 598
41637, 603
41687, 604
41737, 604
41787, 592
41837, 602
41887, 595
41936, 596
41987, 606
42037, 611
42087, 607
42137, 607
42186, 609
42236, 615
42287, 608
42337, 604
42387, 613
42436, 612
42486, 603
42536, 604
42587, 603
42637, 599
42686, 602
42736, 602
42786, 612
42836, 614
42887, 599
42937, 609
42986, 601
43036, 601
43086, 615
43137, 606
43187, 610
43236, 604
43286, 601
43336, 607
43386, 605
43437, 600
43486, 604
43536, 606
43586, 598
43636, 592
43686, 594
43736, 587
43786, 604
43836, 601
43886, 596
43936, 602
43986, 590
44036, 598
44086, 601
44136, 596
44186, 599
44236, 593
44285, 594
44336, 597
44386, 598
44436, 595
44486, 592
44535, 610
44585, 603
44636, 601
44686, 601
44736, 600
44785, 591
44835, 600
44886, 595
44936, 599
44986, 599
45035, 603
45085, 598
45135, 603
45186, 595
45236, 597
45286, 594
45335, 601
45385, 595
45435, 600
45486, 595
45536, 597
45585, 600
45635, 599
45685, 606
45735, 606
45786, 600
45835, 597
45885, 589
45935, 591
45985, 590
46035, 604
46085, 612
46135, 603
46185, 605
46235, 604
46285, 604
46336, 602
46385, 607
46435, 599
46485, 595
46535, 611
46585, 605
46635, 603
46685, 599
46735, 602
46785, 603
46835, 602
46884, 603
46935, 600
46985, 594
47035, 602
47085, 592
47134, 598
47184, 602
47235, 603
47285, 610
47335, 603
47385, 607
47434, 598
47484, 603
47535, 604
47585, 612
47635, 601
47684, 609
47734, 605
47784, 613
47835, 609
47885, 609
47934, 610
47984, 614
48034, 613
48084, 607
48135, 604
48184, 608
48234, 611
48284, 605
48334, 593
48385, 596
48434, 587
48484, 601
48534, 590
48584, 596
48634, 577
48685, 580
48734, 587
48784, 600
48834, 601
48884, 592
48934, 594
48984, 590
49034, 580
49084, 581
49134, 580
49184, 595
49233, 585
49284, 583
49334, 575
49384, 582
49434, 577
49483, 574
49533, 577
49584, 577
49634, 580
49684, 585
49734, 585
49783, 581
49833, 563
49884, 576
49934, 590
49984, 588
50033, 579
50083, 578
50134, 587
50184, 581
50234, 581
50283, 584
50333, 597
50383, 580
50434, 585
50484, 595
50533, 583
50583, 582
50633, 581
50683, 595
50734, 589
50783, 589
50833, 587
50883, 586
50933, 578
50983, 591
51034, 574
51083, 579
51133, 584
51183, 588
51233, 584
51283, 589
51333, 586
51383, 601
51433, 588
51483, 584
51533, 598
51582, 595
51633, 590
51683, 594
51733, 584
51783, 591
51832, 581
51883, 595
51933, 596
51983, 592
52033, 593
52083, 593
52132, 593
52183, 591
52233, 588
52283, 594
52333, 597
52382, 604
52432, 597
52483, 590
52533, 600
52583, 593
52632, 597
52682, 596
52732, 600
52783, 601
52833, 592
52882, 590
52932, 578
52982, 597
53032, 594
53083, 596
53132, 580
53182, 586
53232, 597
53282, 593
53332, 611
53383, 593
53432, 600
53482, 581
53532, 597
53582, 598
53633, 595
53682, 604
53732, 604
53782, 604
53832, 594
53882, 599
53932, 603
53982, 603
54032, 603
54082, 604
54132, 598
54181, 591
54232, 594
54282, 601
54332, 604
54382, 594
54432, 598
54481, 600
54532, 591
54582, 592
54632, 608
54682, 601
54731, 602
54781, 608
54832, 601
54882, 583
54932, 599
54981, 587
55031, 606
55081, 593
55132, 596
55182, 591
55231, 594
55281, 571
55331, 525
55382, 523
55432, 527
55481, 541
55531, 522
55581, 531
55631, 534
55682, 480
55732, 503
55781, 514
55831, 548
55881, 539
55931, 553
55982, 542
56031, 541
56081, 554
56131, 565
56181, 549
56231, 552
56281, 553
56331, 570
56381, 533
56431, 572
56481, 576
56530, 574
56581, 590
56631, 580
56681, 591
56731, 581
56781, 576
56830, 588
56881, 580
56931, 582
56981, 580
57031, 582
57080, 581
57131, 585
57181, 587
57231, 584
57281, 592
57330, 582
57380, 596
57431, 585
57481, 595
57531, 587
57580, 583
57630, 586
57680, 584
57731, 587
57781, 593
57830, 590
57880, 590
57930, 590
57980, 586
58031, 592
58081, 597
58130, 591
58180, 598
58230, 599
58280, 594
58331, 588
58380, 591
58430, 591
58480, 589
58530, 600
58580, 585
58630, 584
58680, 584
58730, 586
58780, 586
58830, 587
58880, 580
58930, 596
58980, 600
59030, 599
59080, 594
59130, 593
59180, 593
59230, 590
59280, 593
59330, 603
59380, 594
59429, 590
59480, 591
59530, 590
59580, 579
59630, 586
59679, 586
59729, 599
59780, 599
59830, 605
59880, 603
59929, 604
59979, 598
60029, 593
60080, 592
60130, 585
60180, 600
60229, 603
60279, 595
60329, 598
60380, 590
60430, 596
60479, 591
60529, 589
60579, 585
60630, 588
60680, 602
60729, 602
60779, 599
60829, 600
60879, 601
60930, 597
60979, 598
61029, 602
61079, 602
61129, 601
61179, 604
61229, 596
61279, 594
61329, 595
61379, 593
61429, 594
61479, 593
61529, 595
61579, 593
61629, 588
61679, 610
61729, 606
61778, 598
61829, 600
61879, 604
61929, 599
61979, 593
62028, 602
62078, 603
62129, 602
62179, 607
62229, 600
62278, 596
62328, 594
62379, 598
62429, 594
62479, 598
62529, 597
62578, 601
62628, 604
62679, 604
62729, 600
62779, 602
62828, 606
62878, 602
62928, 602
62979, 604
63029, 600
63078, 606
63128, 605
63178, 605
63228, 603
63279, 608
63328, 598
63378, 606
63428, 603
63478, 599
63528, 598
63578, 600
63628, 603
63678, 609
63728, 602
63778, 604
63828, 598
63878, 596
63928, 601
63978, 601
64028, 602
64078, 600
64128, 599
64178, 594
64228, 598
64278, 600
64328, 606
64377, 605
64428, 602
64478, 606
64528, 609
64578, 606
64627, 603
64677, 600
64728, 602
64778, 602
64828, 604
64878, 602
64927, 601
64977, 607
65028, 604
65078, 602
65128, 603
65177, 609
65227, 600
65277, 596
65328, 604
65378, 600
65427, 605
65477, 605
65527, 600
65577, 596
65628, 597
65677, 603
65727, 600
65777, 602
65827, 599
65878, 595
65927, 605
65977, 596
66027, 600
66077, 601
66127, 596
66178, 604
66227, 597
66277, 597
66327, 600
66377, 598
66427, 599
66477, 604
66527, 600
66577, 597
66627, 604
66677, 597
66726, 599
66777, 597
66827, 600
66877, 599
66927, 596
66976, 600
67026, 595
67077, 596
67127, 601
67177, 593
67227, 599
67276, 598
67326, 600
67377, 604
67427, 596
67477, 604
67526, 598
67576, 599
67627, 592
67677, 600
67727, 596
67776, 607
67826, 607
67876, 601
67927, 599
67977, 596
68026, 594
68076, 596
68126, 592
68176, 600
68227, 594
68276, 597
68326, 596
68376, 603
68426, 597
68476, 605
68527, 599
68576, 594
68626, 593
68676, 593
68726, 596
68776, 597
68826, 597
68876, 599
68926, 604
68976, 595
69026, 591
69075, 599
69126, 595
69176, 594
69226, 595
69276, 598
69325, 590
69376, 598
69426, 603
69476, 595
69526, 597
69576, 601
69625, 596
69676, 592
69726, 602
69776, 604
69826, 599
69875, 596
69925, 602
69976, 601
70026, 595
70076, 591
70125, 595
70175, 602
70225, 595
70276, 602
70326, 600
70375, 596
70425, 590
70475, 589
70525, 601
70576, 602
70625, 599
70675, 597
70725, 600
70775, 606
70825, 602
70876, 599
70925, 602
70975, 597
71025, 605
71075, 607
71126, 600
71175, 593
71225, 598
71275, 601
71325, 598
71375, 601
71425, 591
71475, 597
71525, 595
71575, 603
71625, 590
71674, 600
71725, 596
71775, 595
71825, 600
71875, 591
71925, 591
71974, 597
72025, 604
72075, 594
72125, 587
72175, 599
72224, 596
72274, 603
72325, 593
72375, 592
72425, 588
72474, 597
72524, 593
72574, 597
72625, 601
72675, 590
72724, 602
72774, 604
72824, 593
72875, 594
72925, 589
72975, 592
73024, 604
73074, 596
73124, 600
73175, 595
73225, 597
73274, 598
73324, 592
73374, 597
73424, 601
73475, 598
73524, 596
73574, 594
73624, 596
73674, 592
73724, 596
73774, 602
73824, 599
73874, 594
73924, 600
73974, 592
74023, 592
74074, 609
74124, 606
74174, 604
74224, 594
74274, 603
74323, 597
74374, 601
74424, 601
74474, 600
74524, 602
74573, 604
74624, 594
74674, 599
74724, 599
74774, 592
74823, 599
74873, 599
74924, 599
74974, 597
75024, 603
75073, 604
75123, 609
75173, 593
75224, 591
75274, 602
75324, 596
75373, 596
75423, 606
75473, 599
75524, 600
75574, 598
75623, 600
75673, 598
75723, 601
75773, 593
75824, 592
75873, 603
75923, 610
75973, 599
76023, 609
76073, 606
76123, 597
76173, 595
76223, 601
76273, 597
76323, 603
76372, 599
76423, 600
76473, 595
76523, 598
76573, 596
76623, 600
76673, 601
76723, 601
76773, 604
76823, 604
76873, 597
76922, 601
76973, 589
77023, 599
77073, 601
77123, 599
77172, 601
77222, 598
77273, 600
77323, 604
77373, 599
77422, 599
77472, 597
77522, 597
77573, 598
77623, 610
77673, 601
77722, 606
77772, 601
77822, 599
77873, 597
77923, 602
77972, 603
78022, 600
78072, 603
78123, 601
78173, 601
78222, 597
78272, 607
78322, 591
78372, 602
78423, 594
78472, 596
78522, 601
78572, 600
78622, 602
78672, 601
78722, 602
78772, 592
78822, 598
78872, 603
78922, 606
78972, 605
79022, 603
79072, 603
79122, 597
79172, 592
79222, 607
79271, 598
79322, 603
79372, 600
79422, 600
79472, 601
79521, 604
79571, 602
79622, 610
79672, 601
79722, 605
79771, 603
79821, 606
79872, 605
79922, 610
79972, 604
80022, 601
80071, 610
80121, 605
80172, 597
80222, 598
80272, 599
80321, 599
80371, 607
80421, 606
80472, 614
80522, 608
80571, 601
80621, 615
80671, 606
80721, 601
80772, 609
80821, 601
80871, 609
80921, 604
80971, 603
81021, 600
81071, 603
81121, 606
81171, 602
81221, 606
81271, 608
81321, 601
81371, 605
81421, 604
81471, 611
81521, 608
81571, 598
81620, 601
81671, 595
81721, 606
81771, 608
81821, 607
81870, 601
81921, 603
81971, 606
82021, 605
82071, 598
82120, 609
82170, 606
82221, 611
82271, 604
82321, 604
82371, 607
82420, 600
82470, 604
82521, 608
82571, 602
82621, 596
82670, 607
82720, 612
82770, 608
82821, 614
82871, 605
82920, 595
82970, 609
83020, 608
83070, 608
83121, 592
83170, 597
83220, 600
83270, 601
83320, 608
83371, 610
83420, 601
83470, 597
83520, 600
83570, 607
83620, 600
83671, 596
83720, 601
83770, 601
83820, 596
83870, 604
83920, 599
83970, 606
84020, 608
84070, 597
84120, 603
84170, 602
84219, 609
84270, 608
84320, 614
84370, 596
84420, 610
84469, 612
84519, 608
84570, 601
84620, 605
84670, 609
84720, 601
84769, 604
84819, 599
84870, 604
84920, 605
84970, 601
85019, 594
85069, 599
85120, 608
85170, 600
85220, 590
85269, 608
85319, 602
85369, 608
85420, 610
85470, 607
85519, 616
85569, 610
85619, 613
85669, 608
85720, 602
85770, 599
85819, 592
85869, 610
85919, 600
85969, 607
86020, 597
86069, 606
86119, 608
86169, 606
86219, 607
86269, 610
86319, 606
86369, 603
86419, 607
86469, 599
86519, 605
86568, 602
86619, 596
86669, 605
86719, 606
86769, 600
86818, 608
86868, 599
86919, 595
86969, 596
87019, 608
87069, 606
87118, 596
87169, 612
87219, 606
87269, 612
87319, 611
87368, 599
87418, 598
87469, 606
87519, 604
87569, 601
87618, 608
87668, 596
87718, 601
87769, 597
87819, 596
87868, 605
87918, 601
87968, 602
88018, 610
88069, 603
88119, 605
88168, 607
88218, 604
88268, 599
88318, 607
88369, 605
88418, 602
88468, 595
88518, 605
88568, 603
88619, 606
88668, 604
88718, 603
88768, 607
88818, 615
88868, 604
88918, 606
88968, 608
89018, 605
89068, 597
89118, 602
89167, 602
89218, 604
89268, 603
89318, 605
89368, 605
89418, 607
89467, 607
89518, 596
89568, 602
89618, 608
89668, 604
89717, 604
89767, 597
89818, 617
89868, 607
89918, 606
89967, 604
90017, 601
90067, 608
90118, 606
90168, 612
90217, 607
90267, 595
90317, 613
90368, 602
90418, 598
90468, 606
90517, 603
90567, 607
90617, 602
90668, 610
90718, 609
90767, 613
90817, 612
90867, 611
90917, 603
90968, 608
91017, 608
91067, 595
91117, 613
91167, 595
91217, 606
91267, 608
91317, 603
91367, 607
91417, 601
91467, 601
91516, 607
91567, 612
91617, 604
91667, 598
91717, 603
91767, 601
91816, 595
91867, 616
91917, 607
91967, 604
92017, 607
92066, 604
92116, 599
92167, 599
92217, 606
92267, 603
92316, 604
92366, 610
92417, 594
92467, 601
92517, 599
92566, 607
92616, 607
92666, 605
92717, 601
92767, 605
92817, 612
92866, 608
92916, 602
92966, 606
93017, 604
93067, 607
93116, 603
93166, 600
93216, 603
93266, 595
93317, 614
93366, 601
93416, 598
93466, 610
93516, 599
93566, 609
93616, 615
93666, 604
93716, 604
93766, 606
93816, 597
93865, 605
93916, 598
93966, 606
94016, 611
94066, 606
94116, 603
94166, 611
94216, 609
94266, 610
94316, 610
94366, 614
94415, 603
94466, 609
94516, 610
94566, 611
94616, 604
94665, 614
94715, 609
94766, 603
94816, 598
94866, 606
94915, 605
94965, 606
95015, 602
95066, 611
95116, 612
95166, 596
95215, 611
95265, 606
95315, 603
95366, 606
95416, 608
95465, 603
95515, 600
95565, 602
95616, 605
95666, 609
95715, 604
95765, 604
95815, 604
95865, 601
95916, 617
95965, 613
96015, 603
96065, 604
96115, 599
96165, 603
96215, 605
96265, 604
96315, 606
96365, 609
96415, 615
96465, 609
96515, 605
96565, 610
96615, 605
96665, 611
96715, 612
96764, 613
96815, 599
96865, 603
96915, 602
96965, 606
97014, 609
97064, 612
97115, 612
97165, 614
97215, 610
97264, 606
97314, 612
97364, 603
97415, 608
97465, 606
97515, 606
97564, 605
97614, 601
97665, 602
97715, 610
97765, 606
97814, 601
97864, 601
97914, 599
97965, 607
98015, 605
98064, 614
98114, 610
98164, 607
98214, 604
98265, 610
98314, 599
98364, 606
98414, 609
98464, 597
98514, 603
98565, 597
98614, 609
98664, 606
98714, 603
98764, 604
98814, 606
98864, 601
98914, 605
98964, 609
99014, 615
99064, 609
99113, 609
99164, 599
99214, 603
99264, 600
99314, 607
99363, 613
99414, 598
99464, 600
99514, 608
99564, 611
99613, 610
99663, 610
99714, 602
99764, 601
99814, 605
99864, 616
99913, 605
99963, 604
100014, 606
100068, 603
100122, 609
100176, 602
100230, 602
100284, 598
100338, 602
100392, 599
100447, 601
100501, 607
100555, 603
100610, 603
100663, 600
100717, 611
100771, 603
100826, 596
100880, 608
100934, 606
100988, 605
101043, 609
101096, 604
101150, 608
101204, 605
101259, 605
101313, 604
101367, 603
101422, 600
101476, 601
101529, 606
101583, 601
101638, 600
101692, 595
101746, 604
101800, 601
101855, 608
101909, 605
101962, 600
102017, 593
102071, 600
102125, 598
102179, 604
102234, 603
102288, 603
102342, 599
102395, 601
102450, 601
102504, 612
102558, 599
102612, 604
102667, 600
102721, 611
102775, 605
102830, 609
102883, 606
102937, 597
102991, 604
103046, 606
103100, 596
103154, 614
103208, 606
103263, 612
103316, 606
103370, 602
103425, 612
103479, 597
103533, 601
103587, 613
103642, 613
103696, 602
103749, 605
103803, 611
103858, 613
103912, 613
103966, 610
104020, 605
104075, 606
104129, 606
104182, 613
104237, 607
104291, 604
104345, 613
104399, 598
104454, 609
104508, 604
104562, 606
104615, 607
104670, 606
104724, 611
104778, 603
104833, 604
104887, 605
104941, 607
104995, 611
105049, 604
105103, 603
105157, 599
105211, 599
105266, 599
105320, 597
105374, 602
105428, 596
105482, 602
105536, 604
105590, 601
105645, 602
105699, 601
105753, 591
105807, 598
105862, 597
105915, 591
105969, 603
106023, 603
106078, 597
106132, 603
106186, 595
106241, 600
106295, 607
106348, 599
106402, 603
106457, 600
106511, 597
106565, 588
106619, 592
106674, 585
106728, 591
106781, 590
106835, 589
106890, 572
106944, 550
106998, 542
107053, 523
107107, 480
107161, 461
107214, 509
107269, 544
107323, 514
107377, 462
107431, 207
107486, 205
107540, 162
107594, 206
107648, 95
107698, 122
107752, 224
107806, 438
107860, 508
107915, 495
107969, 488
108023, 509
108077, 498
108131, 508
108185, 456
108239, 463
108294, 463
108348, 471
108402, 474
108456, 506
108510, 504
108564, 504
108618, 519
108673, 539
108727, 539
108781, 568
108835, 564
108890, 566
108943, 563
108997, 543
109051, 551
109106, 561
109160, 555
109214, 566
109268, 569
109323, 555
109376, 544
109430, 549
109485, 543
109539, 544
109593, 560
109647, 562
109702, 564
109756, 562
109809, 568
109863, 573
109918, 568
109972, 573
110026, 577
110081, 576
110135, 571
110189, 579
110242, 576
110297, 573
110351, 569
110405, 566
110459, 567
110514, 568
110568, 565
110622, 578
110675, 586
110730, 572
110784, 571
110838, 569
110893, 569
110947, 570
111001, 565
111055, 563
111109, 563
111163, 569
111217, 558
111271, 560
111326, 564
111380, 563
111434, 566
111489, 570
111542, 570
111596, 571
111650, 561
111705, 561
111759, 567
111813, 570
111867, 564
111922, 572
111975, 576
112029, 571
112083, 564
112138, 564
112192, 570
112246, 573
112301, 569
112355, 567
112408, 584
112462, 559
112517, 571
112571, 569
112625, 572
112679, 563
112734, 560
112788, 570
112841, 561
112896, 573
112950, 561
113004, 576
113058, 575
113113, 571
113167, 578
113221, 567
113274, 573
113329, 560
113383, 578
113437, 570
113491, 582
113546, 575
113600, 570
113654, 574
113709, 569
113762, 579
113816, 577
113870, 582
113925, 580
113979, 580
114033, 572
114087, 567
114142, 579
114195, 579
114249, 582
114304, 580
114358, 576
114412, 576
114466, 579
114521, 582
114575, 580
114628, 576
114682, 576
114737, 578
114791, 579
114845, 576
114899, 578
114954, 581
115008, 573
115061, 573
115116, 593
115170, 580
115224, 584
115278, 584
115333, 586
115387, 569
115441, 566
115494, 574
115549, 584
115603, 579
115657, 579
115712, 570
115766, 581
115820, 573
115874, 582
115928, 583
115982, 587
116036, 578
116090, 579
116145, 578
116199, 577
116253, 582
116307, 579
116361, 583
116415, 581
116469, 584
116524, 584
116578, 577
116632, 585
116686, 581
116741, 580
116794, 584
116848, 581
116902, 571
116957, 583
117011, 582
117065, 581
117120, 582
117174, 577
117227, 584
117281, 579
117336, 591
117390, 588
117444, 591
117498, 583
117553, 584
117607, 581