0, 523
0, 523
1, 529
1, 524
1, 527
2, 523
2, 524
2, 526
14, 526
32, 530
52, 521
70, 532
89, 527
108, 522
129, 526
149, 525
171, 522
191, 519
212, 528
233, 523
253, 514
275, 523
295, 525
316, 525
337, 521
358, 523
378, 521
400, 524
420, 519
442, 523
462, 524
483, 522
504, 519
525, 519
545, 519
567, 519
587, 518
608, 516
629, 517
650, 515
671, 516
692, 518
712, 521
734, 522
754, 520
775, 527
796, 521
817, 527
837, 531
859, 527
879, 531
900, 528
921, 526
942, 522
963, 526
984, 525
1004, 520
1028, 525
1050, 523
1073, 523
1096, 518
1119, 524
1142, 520
1165, 519
1187, 526
1211, 526
1233, 521
1257, 518
1280, 523
1302, 522
1326, 520
1348, 516
1372, 521
1394, 522
1417, 519
1440, 519
1463, 520
1486, 520
1509, 519
1531, 520
1555, 500
1577, 499
1601, 520
1624, 523
1646, 522
1670, 519
1692, 519
1716, 519
1738, 518
1761, 525
1784, 515
1807, 527
1830, 522
1853, 527
1875, 524
1899, 526
1922, 526
1945, 522
1968, 523
1990, 528
2014, 527
2036, 522
2060, 530
2082, 523
2105, 519
2128, 522
2151, 517
2174, 518
2197, 528
2220, 516
2243, 520
2266, 523
2289, 523
2312, 524
2334, 525
2358, 526
2380, 522
2404, 521
2426, 532
2449, 526
2472, 520
2495, 530
2519, 524
2541, 524
2564, 522
2587, 527
2610, 518
2633, 522
2656, 526
2678, 525
2702, 522
2724, 528
2748, 522
2770, 530
2793, 514
2817, 515
2839, 519
2862, 514
2885, 499
2908, 506
2931, 499
2954, 506
2976, 496
3000, 492
3022, 514
3046, 522
3068, 516
3091, 520
3115, 516
3137, 521
3161, 524
3183, 519
3206, 524
3229, 519
3252, 514
3275, 519
3298, 507
3320, 493
3344, 490
3366, 484
3390, 483
3412, 484
3435, 486
3459, 485
3481, 486
3505, 487
3527, 493
3550, 483
3573, 492
3596, 496
3619, 492
3642, 494
3664, 494
3688, 493
3710, 502
3734, 508
3757, 516
3779, 517
3803, 516
3825, 517
3849, 517
3871, 519
3894, 522
3917, 518
3940, 522
3963, 518
3986, 511
4008, 513
4032, 508
4055, 508
4078, 516
4101, 517
4123, 515
4147, 518
4169, 513
4193, 523
4215, 519
4238, 513
4261, 506
4284, 508
4307, 509
4330, 511
4353, 526
4376, 520
4399, 522
4422, 522
4445, 523
4467, 525
4491, 526
4513, 529
4537, 529
4559, 527
4582, 527
4605, 524
4628, 526
4651, 531
4674, 526
4697, 528
4720, 523
4743, 528
4765, 526
4789, 525
4811, 528
4835, 521
4857, 530
4880, 532
4903, 524
4926, 525
4950, 526
4972, 534
4995, 526
5018, 524
5041, 533
5064, 526
5087, 530
5109, 523
5133, 529
5155, 531
5179, 530
5201, 528
5224, 532
5248, 527
5270, 522
5294, 526
5316, 526
5339, 526
5362, 527
5385, 522
5408, 527
5431, 527
5453, 523
5477, 527
5499, 528
5523, 529
5545, 528
5568, 520
5592, 526
5614, 529
5638, 527
5660, 526
5683, 527
5706, 530
5729, 521
5752, 528
5775, 527
5797, 526
5821, 519
5843, 525
5867, 523
5890, 525
5912, 519
5936, 524
5958, 527
5982, 527
6004, 528
6027, 529
6050, 525
6073, 531
6096, 531
6119, 524
6141, 524
6165, 526
6188, 529
6211, 522
6234, 528
6256, 527
6280, 530
6302, 524
6326, 529
6348, 529
6371, 537
6394, 528
6417, 529
6440, 529
6463, 533
6486, 527
6509, 523
6532, 530
6554, 531
6578, 528
6600, 530
6624, 528
6646, 531
6669, 535
6692, 532
6715, 526
6738, 528
6761, 531
6784, 528
6807, 528
6830, 527
6853, 523
6876, 530
6898, 527
6922, 526
6944, 527
6968, 528
6990, 527
7013, 523
7036, 523
7059, 528
7083, 541
7105, 532
7128, 528
7151, 526
7174, 528
7197, 526
7220, 529
7242, 531
7266, 528
7288, 527
7312, 528
7334, 525
7357, 529
7380, 526
7403, 531
7427, 526
7449, 527
7472, 532
7495, 527
7518, 524
7541, 532
7564, 525
7586, 526
7610, 530
7632, 530
7656, 526
7678, 527
7701, 523
7725, 522
7747, 527
7771, 526
7793, 529
7816, 525
7839, 524
7862, 524
7885, 530
7908, 527
7930, 526
7954, 541
7976, 528
8000, 523
8023, 525
8045, 525
8069, 521
8091, 528
8115, 526
8137, 527
8160, 532
8183, 527
8206, 525
8229, 528
8252, 530
8274, 533
8298, 527
8321, 530
8343, 529
8367, 524
8389, 525
8413, 526
8435, 524
8458, 528
8481, 523
8504, 519
8527, 521
8550, 523
8572, 519
8596, 521
8619, 526
8642, 516
8665, 525
8687, 523
8711, 521
8733, 520
8757, 527
8779, 524
8802, 534
8825, 525
8848, 540
8871, 527
8894, 528
8916, 525
8940, 530
8963, 526
8986, 527
9009, 527
9031, 529
9055, 525
9077, 529
9101, 527
9123, 524
9146, 528
9169, 526
9192, 526
9216, 522
9238, 528
9261, 522
9284, 521
9307, 523
9330, 524
9353, 526
9375, 521
9399, 521
9421, 527
9445, 518
9467, 521
9490, 526
9513, 525
9536, 526
9560, 525
9582, 524
9605, 525
9628, 528
9651, 525
9674, 528
9697, 531
9719, 529
9743, 526
9765, 542
9789, 528
9811, 528
9834, 520
9858, 528
9880, 530
9904, 526
9926, 533
9949, 531
9972, 529
9995, 520
10018, 528
10043, 526
10067, 531
10093, 533
10118, 529
10143, 533
10168, 527
10193, 516
10218, 526
10243, 525
10268, 522
10293, 531
10318, 519
10343, 525
10369, 527
10393, 519
10418, 511
10443, 514
10468, 511
10493, 510
10518, 508
10544, 514
10568, 505
10593, 504
10618, 506
10643, 514
10669, 519
10693, 521
10719, 512
10743, 516
10769, 518
10793, 525
10818, 516
10844, 515
10868, 510
10894, 514
10918, 512
10944, 508
10969, 511
10993, 512
11019, 510
11043, 510
11069, 506
11094, 511
11119, 510
11144, 511
11168, 504
11194, 502
11218, 509
11244, 511
11269, 510
11294, 512
11319, 501
11343, 502
11369, 494
11394, 502
11419, 498
11444, 490
11469, 490
11494, 486
11520, 488
11544, 484
11569, 492
11594, 491
11619, 508
11644, 519
11669, 513
11695, 523
11719, 522
11744, 521
11769, 519
11794, 523
11820, 518
11844, 514
11870, 519
11894, 511
11919, 515
11944, 514
11969, 520
11995, 514
12019, 517
12045, 525
12069, 521
12094, 522
12120, 517
12144, 511
12170, 523
12194, 521
12220, 517
12244, 522
12270, 511
12295, 510
12319, 515
12345, 511
12369, 514
12395, 508
12420, 502
12445, 508
12470, 522
12494, 524
12520, 521
12545, 521
12570, 518
12595, 520
12620, 522
12645, 521
12669, 519
12695, 515
12720, 515
12745, 515
12770, 516
12795, 513
12820, 517
12846, 516
12870, 518
12895, 518
12920, 518
12945, 514
12971, 516
12995, 515
13021, 518
13045, 514
13070, 517
13095, 516
13120, 514
13146, 514
13170, 511
13196, 511
13220, 508
13245, 508
13271, 506
13295, 507
13321, 517
13345, 520
13371, 522
13395, 523
13420, 526
13446, 520
13470, 528
13496, 518
13520, 520
13546, 518
13571, 514
13596, 518
13621, 517
13645, 515
13671, 518
13696, 514
13721, 518
13746, 519
13771, 521
13796, 519
13820, 521
13846, 518
13871, 520
13896, 521
13921, 512
13946, 511
13971, 516
13996, 511
14021, 508
14046, 512
14071, 513
14096, 506
14121, 507
14146, 514
14171, 519
14196, 525
14221, 520
14246, 523
14271, 516
14297, 523
14321, 520
14347, 521
14371, 520
14396, 520
14422, 524
14446, 523
14472, 525
14496, 518
14522, 516
14546, 523
14571, 519
14597, 514
14621, 524
14647, 513
14671, 514
14697, 517
14722, 518
14746, 512
14772, 515
14796, 509
14822, 512
14846, 506
14872, 514
14897, 511
14921, 512
14947, 518
14971, 521
14997, 514
15022, 520
15047, 520
15072, 516
15097, 521
15122, 520
15147, 516
15172, 519
15197, 516
15222, 513
15247, 511
15272, 515
15297, 517
15322, 517
15347, 522
15372, 518
15397, 511
15422, 524
15448, 518
15472, 521
15497, 517
15522, 515
15547, 511
15572, 507
15597, 511
15623, 508
15647, 510
15672, 522
15697, 521
15722, 526
15748, 516
15772, 521
15798, 521
15822, 524
15848, 518
15873, 523
15897, 519
15923, 520
15947, 521
15973, 521
15997, 520
16023, 515
16048, 519
16072, 513
16098, 516
16122, 519
16148, 521
16173, 510
16198, 518
16223, 521
16247, 512
16273, 508
16297, 504
16323, 513
16348, 507
16373, 517
16398, 515
16423, 514
16448, 524
16473, 519
16498, 521
16523, 520
16548, 523
16573, 524
16599, 521
16623, 521
16648, 524
16673, 521
16698, 514
16723, 518
16748, 520
16774, 514
16798, 516
16823, 521
16848, 518
16873, 518
16899, 512
16923, 524
16949, 517
16973, 515
16998, 517
17024, 519
17048, 523
17074, 522
17098, 518
17124, 524
17148, 535
17174, 519
17199, 522
17223, 525
17249, 520
17273, 521
17299, 520
17324, 521
17349, 521
17374, 521
17398, 518
17424, 522
17448, 523
17474, 521
17499, 526
17524, 525
17549, 516
17573, 522
17599, 520
17624, 517
17649, 524
17674, 528
17699, 523
17724, 521
17748, 525
17774, 517
17799, 524
17824, 523
17849, 546
17874, 516
17899, 525
17925, 523
17949, 522
17974, 526
17999, 527
18024, 523
18050, 524
18074, 520
18100, 523
18124, 524
18149, 520
18174, 521
18199, 527
18225, 526
18249, 523
18275, 518
18299, 524
18324, 522
18350, 517
18374, 522
18400, 520
18424, 518
18450, 520
18475, 517
18499, 520
18525, 521
18549, 522
18575, 532
18599, 545
18625, 525
18650, 523
18675, 523
18700, 525
18724, 524
18750, 521
18775, 524
18800, 524
18825, 523
18850, 523
18875, 524
18899, 524
18925, 524
18950, 524
18975, 520
19000, 523
19025, 521
19050, 525
19075, 522
19100, 522
19125, 525
19150, 523
19175, 521
19201, 522
19225, 521
19251, 522
19275, 524
19300, 530
19325, 532
19350, 538
19376, 527
19400, 528
19426, 523
19450, 527
19475, 524
19501, 524
19525, 525
19551, 518
19575, 519
19601, 522
19625, 521
19650, 523
19676, 524
19700, 525
19726, 526
19750, 520
19776, 520
19801, 524
19825, 527
19851, 527
19875, 523
19901, 527
19926, 516
19951, 516
19976, 522
20001, 524
20026, 523
20050, 523
20076, 529
20101, 542
20126, 527
20151, 529
20176, 528
20201, 524
20226, 517
20251, 523
20276, 522
20301, 523
20326, 526
20352, 524
20376, 527
20401, 521
20426, 520
20451, 519
20476, 521
20501, 521
20527, 522
20551, 521
20576, 523
20601, 524
20626, 518
20652, 523
20676, 523
20702, 521
20726, 521
20752, 516
20776, 527
20801, 529
20827, 529
20851, 535
20877, 530
20901, 531
20927, 524
20952, 524
20976, 519
21002, 524
21026, 522
21052, 520
21076, 513
21102, 521
21127, 522
21151, 524
21177, 524
21201, 527
21227, 525
21252, 524
21277, 520
21302, 523
21326, 525
21352, 528
21377, 521
21402, 523
21427, 525
21452, 529
21477, 526
21502, 523
21527, 524
21552, 522
21577, 522
21602, 520
21627, 543
21652, 520
21678, 526
21702, 529
21727, 521
21752, 529
21777, 530
21803, 527
21827, 525
21853, 524
21877, 520
21902, 523
21927, 517
21952, 525
21978, 524
22002, 526
22028, 521
22052, 519
22077, 523
22103, 526
22127, 521
22153, 527
22177, 521
22203, 518
22227, 526
22253, 520
22278, 525
22302, 522
22328, 529
22352, 523
22378, 523
22403, 526
22428, 518
22453, 524
22477, 521
22503, 527
22528, 518
22553, 527
22578, 524
22603, 521
22628, 520
22652, 522
22678, 527
22703, 523
22728, 529
22753, 525
22778, 526
22803, 523
22829, 521
22853, 522
22878, 525
22903, 518
22928, 517
22953, 516
22978, 520
23004, 518
23028, 519
23053, 515
23078, 513
23103, 516
23129, 527
23153, 528
23179, 526
23203, 525
23228, 528
23254, 523
23278, 529
23304, 529
23328, 527
23354, 528
23378, 525
23403, 524
23429, 522
23453, 521
23479, 525
23503, 529
23529, 527
23554, 526
23579, 528
23604, 527
23628, 523
23654, 524
23678, 522
23704, 522
23729, 520
23754, 521
23779, 525
23803, 520
23829, 517
23854, 522
23879, 525
23904, 524
23929, 524
23954, 527
23979, 524
24004, 526
24029, 529
24054, 526
24079, 525
24104, 526
24129, 524
24154, 525
24179, 522
24204, 525
24229, 525
24254, 523
24280, 522
24304, 523
24330, 523
24354, 523
24379, 522
24404, 523
24429, 523
24455, 524
24479, 521
24505, 521
24529, 516
24554, 519
24580, 523
24604, 517
24630, 520
24654, 526
24680, 527
24705, 523
24729, 532
24755, 527
24779, 531
24805, 524
24829, 521
24855, 525
24880, 525
24904, 521
24930, 528
24954, 526
24980, 521
25005, 522
25030, 520
25055, 525
25080, 522
25105, 527
25129, 523
25155, 524
25180, 524
25205, 520
25230, 520
25255, 520
25280, 524
25305, 516
25330, 523
25355, 512
25380, 521
25405, 518
25431, 524
25455, 525
25480, 531
25505, 523
25530, 531
25555, 525
25580, 524
25606, 525
25630, 528
25656, 517
25680, 527
25705, 520
25731, 522
25755, 526
25781, 524
25805, 523
25831, 526
25856, 526
25880, 526
25906, 526
25930, 523
25956, 526
25980, 521
26006, 522
26031, 514
26055, 521
26081, 513
26105, 506
26131, 513
26156, 514
26181, 508
26206, 507
26230, 514
26256, 518
26280, 520
26306, 522
26331, 522
26356, 525
26381, 529
26406, 521
26431, 525
26456, 525
26481, 525
26506, 522
26531, 523
26556, 520
26582, 523
26606, 522
26631, 527
26656, 520
26681, 524
26706, 517
26731, 524
26757, 521
26781, 524
26806, 527
26831, 515
26856, 512
26882, 511
26906, 516
26932, 515
26956, 511
26981, 513
27006, 506
27031, 516
27057, 506
27081, 520
27107, 523
27131, 531
27157, 527
27182, 529
27206, 528
27232, 522
27256, 525
27282, 524
27307, 521
27332, 520
27357, 528
27381, 518
27407, 514
27431, 514
27457, 519
27482, 518
27507, 518
27532, 522
27556, 522
27582, 519
27607, 524
27632, 524
27657, 519
27682, 515
27707, 514
27731, 517
27757, 518
27782, 517
27807, 508
27832, 511
27857, 509
27882, 510
27908, 509
27932, 527
27957, 518
27982, 523
28007, 525
28033, 522
28057, 525
28083, 522
28107, 523
28132, 518
28157, 522
28182, 525
28208, 518
28232, 516
28258, 512
28282, 518
28307, 513
28333, 524
28357, 519
28383, 523
28407, 524
28433, 518
28457, 523
28482, 518
28508, 515
28532, 519
28558, 519
28582, 512
28608, 508
28633, 514
28658, 514
28683, 510
28707, 518
28733, 521
28758, 530
28783, 526
28808, 524
28833, 527
28858, 525
28882, 526
28908, 524
28933, 526
28958, 526
28983, 520
29008, 517
29033, 517
29058, 514
29083, 514
29108, 518
29133, 523
29158, 523
29184, 520
29208, 521
29234, 520
29258, 517
29283, 517
29308, 515
29333, 516
29359, 513
29383, 510
29409, 512
29433, 520
29458, 527
29484, 528
29508, 528
29534, 527
29558, 529
29584, 528
29608, 527
29633, 528
29659, 525
29683, 518
29709, 517
29733, 518
29759, 514
29784, 516
29808, 515
29834, 521
29858, 522
29884, 516
29908, 520
29934, 521
29959, 516
29984, 516
30009, 519
30033, 514
30059, 514
30084, 507
30109, 506
30134, 514
30159, 521
30184, 518
30209, 524
30234, 521
30259, 528
30284, 520
30309, 523
30334, 526
30359, 527
30384, 527
30409, 523
30434, 518
30459, 527
30484, 520
30510, 519
30534, 524
30559, 525
30584, 523
30609, 523
30635, 522
30659, 522
30685, 531
30709, 528
30735, 518
30759, 516
30784, 524
30810, 521
30834, 511
30860, 512
30884, 504
30910, 515
30935, 523
30959, 532
30985, 520
31009, 524
31035, 525
31059, 527
31085, 518
31110, 528
31134, 525
31160, 528
31184, 521
31210, 523
31235, 526
31260, 518
31285, 518
31309, 522
31335, 525
31360, 522
31385, 527
31410, 522
31435, 519
31460, 520
31485, 523
31510, 515
31535, 515
31560, 523
31585, 508
31610, 511
31635, 508
31661, 523
31685, 528
31710, 524
31735, 526
31760, 519
31785, 526
31810, 524
31836, 522
31860, 526
31885, 530
31910, 526
31935, 522
31961, 514
31985, 521
32011, 516
32035, 517
32061, 522
32086, 519
32110, 525
32136, 519
32160, 517
32186, 517
32210, 522
32236, 517
32261, 520
32285, 520
32311, 518
32335, 524
32361, 529
32386, 533
32411, 527
32436, 522
32460, 530
32486, 524
32510, 529
32536, 524
32561, 530
32586, 521
32611, 528
32635, 524
32661, 522
32686, 526
32711, 528
32736, 526
32761, 520
32786, 524
32812, 528
32836, 528
32861, 526
32886, 531
32911, 528
32936, 520
32961, 517
32987, 513
33011, 510
33036, 515
33061, 525
33086, 522
33112, 530
33136, 526
33162, 528
33186, 528
33211, 525
33236, 528
33261, 528
33287, 526
33311, 524
33337, 524
33361, 527
33386, 530
33412, 527
33436, 525
33462, 524
33486, 526
33512, 525
33537, 524
33562, 523
33587, 522
33611, 527
33637, 524
33661, 525
33687, 522
33712, 517
33737, 512
33762, 522
33786, 526
33812, 529
33837, 527
33862, 527
33887, 528
33912, 528
33937, 529
33961, 529
33987, 528
34012, 526
34037, 528
34062, 526
34087, 526
34112, 526
34137, 526
34162, 527
34187, 529
34212, 527
34237, 526
34263, 526
34287, 529
34313, 527
34337, 524
34362, 526
34387, 522
34412, 526
34438, 522
34462, 520
34488, 517
34512, 525
34537, 526
34563, 529
34587, 529
34613, 526
34637, 527
34663, 521
34688, 521
34712, 524
34738, 524
34762, 525
34788, 519
34812, 525
34838, 521
34863, 527
34887, 528
34913, 519
34937, 519
34963, 524
34988, 527
35013, 524
35038, 527
35063, 521
35088, 526
35112, 524
35138, 525
35163, 522
35188, 524
35213, 513
35238, 519
35263, 522
35288, 526
35313, 526
35338, 523
35363, 530
35388, 529
35414, 530
35438, 524
35463, 525
35488, 526
35513, 526
35538, 521
35563, 526
35589, 524
35613, 520
35639, 521
35663, 524
35688, 526
35714, 517
35738, 524
35764, 523
35788, 525
35814, 520
35838, 523
35863, 525
35889, 523
35913, 520
35939, 517
35963, 515
35989, 517
36014, 524
36038, 527
36064, 523
36088, 523
36114, 525
36139, 525
36164, 523
36189, 523
36213, 522
36239, 522
36263, 524
36289, 521
36314, 528
36339, 520
36364, 520
36389, 523
36414, 517
36439, 526
36464, 522
36489, 519
36514, 521
36539, 523
36564, 525
36589, 525
36614, 519
36639, 521
36664, 514
36689, 517
36714, 516
36740, 516
36764, 524
36789, 525
36814, 523
36839, 530
36865, 526
36889, 527
36915, 521
36939, 531
36964, 525
36989, 527
37014, 519
37040, 521
37064, 517
37090, 520
37114, 518
37140, 523
37165, 524
37189, 526
37215, 525
37239, 526
37265, 518
37289, 524
37315, 522
37340, 518
37364, 514
37390, 517
37414, 522
37440, 518
37465, 513
37490, 522
37515, 525
37539, 527
37565, 523
37590, 526
37615, 515
37640, 528
37665, 526
37690, 520
37714, 522
37740, 525
37765, 519
37790, 518
37815, 521
37840, 521
37865, 518
37891, 518
37915, 517
37940, 521
37965, 523
37990, 523
38016, 514
38040, 521
38066, 517
38090, 523
38115, 519
38140, 523
38165, 509
38191, 519
38215, 514
38241, 503
38265, 514
38290, 525
38316, 521
38340, 520
38366, 524
38390, 522
38416, 523
38440, 517
38466, 525
38491, 520
38515, 522
38541, 519
38565, 518
38591, 520
38616, 517
38641, 520
38666, 520
38690, 523
38716, 517
38740, 519
38766, 523
38791, 520
38816, 520
38841, 517
38865, 519
38891, 520
38916, 516
38941, 514
38966, 511
38991, 510
39016, 513
39041, 512
39066, 512
39091, 511
39116, 518
39141, 520
39166, 523
39191, 520
39217, 519
39241, 516
39266, 520
39291, 521
39316, 519
39342, 520
39366, 519
39392, 517
39416, 517
39441, 517
39467, 518
39491, 519
39517, 520
39541, 520
39567, 522
39591, 520
39616, 517
39642, 523
39666, 519
39692, 517
39716, 517
39742, 510
39767, 514
39791, 508
39817, 512
39841, 510
39867, 510
39891, 510
39917, 513
39942, 509
39967, 517
39992, 515
40016, 518
40042, 516
40067, 518
40092, 519
40117, 510
40142, 517
40167, 518
40192, 522
40217, 514
40242, 519
40267, 514
40292, 516
40317, 524
40342, 520
40367, 522
40392, 521
40417, 523
40442, 522
40467, 523
40493, 518
40517, 525
40542, 523
40567, 524
40592, 515
40617, 516
40642, 515
40668, 507
40692, 509
40718, 511
40742, 508
40767, 502
40793, 504
40817, 502
40843, 519
40867, 521
40893, 518
40918, 515
40942, 524
40968, 525
40992, 520
41018, 521
41042, 519
41068, 526
41093, 519
41117, 517
41143, 515
41167, 521
41193, 520
41218, 517
41243, 518
41268, 520
41292, 522
41318, 521
41342, 522
41368, 519
41393, 524
41418, 526
41443, 514
41468, 510
41493, 509
41518, 506
41543, 508
41568, 504
41593, 508
41618, 508
41644, 501
41668, 502
41693, 503
41718, 519
41743, 523
41768, 519
41793, 522
41819, 522
41843, 519
41868, 518
41893, 524
41918, 520
41944, 526
41968, 520
41994, 517
42018, 513
42044, 517
42068, 518
42093, 516
42119, 525
42143, 513
42169, 522
42193, 516
42219, 516
42244, 516
42268, 523
42294, 521
42318, 524
42344, 510
42369, 513
42394, 507
42419, 504
42443, 506
42469, 513
42493, 502
42519, 508
42544, 519
42569, 519
42594, 519
42618, 516
42644, 517
42669, 518
42694, 520
42719, 525
42744, 524
42769, 526
42795, 521
42819, 518
42844, 520
42869, 523
42894, 526
42919, 527
42944, 519
42970, 525
42994, 523
43019, 521
43044, 528
43069, 524
43095, 523
43119, 527
43145, 526
43169, 516
43194, 512
43219, 510
43244, 517
43270, 512
43294, 507
43320, 524
43344, 528
43369, 525
43395, 526
43419, 524
43445, 524
43469, 525
43495, 525
43520, 526
43545, 523
43570, 521
43594, 520
43620, 521
43644, 527
43670, 521
43695, 525
43720, 525
43745, 524
43769, 526
43795, 527
43820, 522
43845, 528
43870, 524
43895, 522
43920, 523
43944, 522
43970, 520
43995, 515
44020, 514
44045, 508
44070, 518
44095, 523
44120, 526
44145, 526
44170, 526
44195, 524
44220, 524
44246, 526
44270, 526
44296, 524
44320, 523
44345, 523
44370, 526
44395, 520
44421, 520
44445, 523
44471, 527
44495, 519
44520, 525
44546, 519
44570, 522
44596, 525
44620, 521
44646, 525
44670, 521
44695, 526
44721, 521
44745, 522
44771, 511
44795, 509
44821, 507
44846, 528
44871, 525
44896, 525
44920, 530
44946, 524
44971, 527
44996, 525
45021, 527
45046, 522
45071, 521
45095, 523
45121, 515
45146, 526
45171, 523
45196, 526
45221, 522
45246, 519
45271, 522
45296, 524
45321, 515
45346, 518
45371, 523
45396, 520
45421, 521
45446, 519
45471, 508
45496, 512
45521, 510
45546, 520
45572, 512
45596, 521
45622, 520
45646, 523
45671, 520
45697, 522
45721, 523
45747, 521
45771, 522
45797, 520
45821, 526
45846, 524
45872, 521
45896, 522
45922, 521
45946, 519
45972, 522
45997, 522
46021, 518
46047, 529
46071, 522
46097, 525
46121, 521
46147, 520
46172, 520
46196, 524
46222, 516
46246, 511
46272, 509
46297, 507
46322, 515
46347, 519
46372, 519
46397, 524
46422, 525
46447, 519
46472, 524
46497, 530
46522, 521
46547, 531
46572, 526
46597, 527
46622, 524
46647, 527
46672, 526
46697, 527
46723, 524
46747, 528
46772, 526
46797, 528
46822, 524
46848, 527
46872, 524
46898, 521
46922, 528
46947, 524
46972, 527
46997, 518
47023, 527
47047, 528
47073, 523
47097, 523
47123, 526
47148, 532
47172, 525
47198, 525
47222, 524
47248, 532
47272, 524
47298, 529
47323, 522
47347, 524
47373, 526
47397, 519
47423, 525
47448, 534
47473, 529
47498, 522
47522, 528
47548, 524
47572, 516
47598, 517
47623, 529
47648, 532
47673, 529
47697, 524
47723, 523
47748, 528
47773, 527
47798, 522
47823, 528
47848, 526
47874, 528
47898, 525
47923, 524
47948, 529
47973, 521
47998, 527
48023, 529
48049, 524
48073, 529
48098, 528
48123, 528
48148, 527
48174, 530
48198, 530
48224, 526
48248, 531
48273, 529
48299, 532
48323, 528
48349, 526
48373, 524
48399, 522
48423, 529
48449, 524
48474, 523
48498, 525
48524, 530
48548, 529
48574, 529
48599, 529
48624, 527
48649, 529
48673, 530
48699, 529
48723, 529
48749, 528
48774, 526
48799, 529
48824, 526
48848, 527
48874, 527
48899, 527
48924, 527
48949, 527
48974, 527
48999, 526
49024, 528
49049, 526
49074, 527
49099, 527
49124, 527
49149, 527
49174, 525
49200, 524
49224, 521
49249, 523
49274, 525
49299, 530
49325, 529
49349, 528
49375, 524
49399, 529
49424, 525
49449, 531
49474, 528
49500, 526
49524, 524
49550, 529
49574, 524
49599, 527
49625, 529
49649, 526
49675, 530
49699, 524
49725, 528
49750, 530
49774, 530
49800, 527
49824, 529
49850, 523
49874, 527
49900, 525
49925, 528
49950, 519
49975, 527
49999, 523
50025, 529
50050, 527
50075, 531
50100, 525
50125, 528
50150, 526
50174, 529
50200, 532
50225, 523
50250, 531
50275, 520
50300, 519
50325, 520
50350, 527
50375, 526
50400, 525
50425, 526
50450, 520
50476, 525
50500, 527
50525, 526
50550, 532
50575, 527
50600, 525
50625, 523
50651, 528
50675, 522
50701, 523
50725, 513
50750, 517
50776, 518
50800, 524
50826, 526
50850, 525
50876, 527
50900, 533
50925, 530
50951, 529
50975, 524
51001, 531
51025, 525
51051, 521
51076, 516
51100, 517
51126, 526
51150, 527
51176, 531
51201, 528
51226, 519
51251, 530
51276, 524
51301, 528
51325, 527
51351, 526
51376, 518
51401, 523
51426, 519
51451, 515
51476, 516
51501, 515
51526, 527
51551, 522
51576, 521
51601, 527
51627, 529
51651, 527
51676, 523
51701, 525
51726, 528
51751, 524
51776, 522
51802, 528
51826, 520
51851, 518
51876, 521
51901, 521
51927, 522
51951, 525
51977, 527
52001, 524
52027, 524
52051, 524
52076, 522
52102, 515
52126, 521
52152, 520
52176, 516
52202, 516
52227, 521
52251, 524
52277, 525
52301, 525
52327, 528
52352, 530
52377, 531
52402, 525
52426, 527
52452, 524
52476, 531
52502, 523
52527, 526
52552, 525
52577, 528
52601, 533
52627, 528
52652, 531
52677, 524
52702, 531
52727, 524
52752, 530
52777, 526
52802, 527
52827, 526
52852, 524
52877, 520
52902, 523
52927, 520
52953, 515
52977, 520
53002, 527
53027, 519
53052, 525
53078, 530
53102, 519
53128, 520
53152, 524
53177, 525
53202, 523
53227, 519
53253, 522
53277, 517
53303, 513
53327, 518
53352, 518
53378, 519
53402, 521
53428, 520
53452, 521
53478, 517
53502, 516
53528, 518
53553, 512
53577, 516
53603, 512
53627, 511
53653, 512
53678, 515
53703, 513
53728, 513
53752, 514
53778, 511
53803, 519
53828, 518
53853, 520
53878, 521
53903, 516
53927, 519
53953, 517
53978, 520
54003, 518
54028, 522
54053, 521
54078, 520
54103, 518
54128, 516
54153, 517
54178, 515
54203, 515
54228, 521
54253, 517
54279, 519
54303, 519
54328, 519
54353, 518
54378, 519
54404, 515
54428, 515
54454, 512
54478, 511
54503, 515
54529, 512
54553, 514
54579, 512
54603, 517
54629, 525
54653, 526
54678, 526
54704, 518
54728, 520
54754, 526
54778, 525
54804, 517
54829, 526
54854, 523
54879, 514
54903, 516
54929, 516
54953, 513
54979, 513
55004, 516
55029, 516
55054, 523
55078, 520
55104, 523
55129, 517
55154, 520
55179, 516
55204, 516
55229, 512
55254, 520
55279, 509
55304, 518
55329, 505
55354, 511
55379, 521
55404, 525
55429, 525
55454, 519
55479, 524
55504, 527
55529, 526
55555, 518
55579, 522
55605, 527
55629, 519
55654, 518
55680, 517
55704, 520
55730, 510
55754, 517
55780, 521
55804, 520
55829, 517
55855, 518
55879, 514
55905, 519
55929, 518
55955, 517
55980, 513
56004, 514
56030, 515
56054, 510
56080, 510
56104, 519
56130, 522
56155, 527
56179, 527
56205, 525
56229, 530
56255, 528
56280, 528
56305, 527
56330, 526
56355, 522
56380, 526
56404, 524
56430, 526
56455, 517
56480, 523
56505, 522
56530, 527
56555, 522
56580, 524
56605, 526
56630, 518
56655, 519
56680, 519
56706, 512
56730, 519
56755, 521
56780, 518
56805, 516
56830, 521
56855, 519
56881, 533
56905, 525
56930, 527
56955, 528
56980, 532
57006, 528
57030, 527
57056, 531
57080, 524
57106, 521
57131, 517
57155, 517
57181, 518
57205, 516
57231, 515
57255, 520
57281, 516
57306, 521
57330, 519
57356, 523
57380, 515
57406, 518
57431, 517
57456, 509
57481, 507
57505, 513
57531, 513
57555, 521
57581, 524
57606, 525
57631, 524
57656, 529
57681, 524
57706, 523
57731, 528
57756, 527
57781, 529
57806, 530
57831, 524
57857, 525
57881, 521
57906, 527
57931, 526
57956, 523
57981, 521
58006, 524
58032, 520
58056, 522
58081, 526
58106, 519
58131, 523
58157, 523
58181, 523
58207, 513
58231, 524
58256, 525
58281, 535
58306, 523
58332, 529
58356, 532
58382, 532
58406, 529
58432, 530
58457, 525
58481, 526
58507, 530
58531, 525
58557, 528
58582, 525
58607, 533
58632, 529
58656, 530
58682, 530
58706, 530
58732, 529
58757, 533
58782, 527
58807, 528
58831, 526
58857, 523
58882, 523
58907, 521
58932, 522
58957, 520
58982, 523
59006, 528
59032, 527
59057, 529
59082, 527
59107, 530
59132, 529
59157, 531
59183, 528
59207, 529
59232, 531
59257, 527
59282, 530
59308, 529
59332, 524
59358, 531
59382, 532
59407, 529
59432, 532
59457, 528
59483, 532
59507, 527
59533, 530
59557, 526
59582, 522
59608, 529
59632, 533
59658, 530
59682, 531
59708, 524
59732, 530
59757, 532
59783, 530
59807, 527
59833, 531
59857, 530
59883, 529
59908, 529
59933, 529
59958, 528
59982, 533
60008, 533
60033, 528
60058, 529
60083, 526
60108, 526
60133, 531
60157, 530
60183, 529
60208, 530
60233, 531
60258, 526
60283, 533
60308, 526
60333, 519
60358, 521
60383, 519
60408, 520
60433, 520
60459, 534
60483, 531
60508, 533
60533, 531
60558, 528
60583, 533
60608, 525
60634, 525
60658, 528
60684, 520
60708, 512
60733, 507
60759, 508
60783, 509
60809, 512
60833, 517
60859, 518
60883, 517
60908, 515
60934, 517
60958, 521
60984, 511
61008, 519
61034, 513
61059, 501
61083, 497
61109, 497
61133, 492
61159, 498
61184, 521
61209, 529
61234, 524
61259, 524
61284, 523
61308, 527
61334, 519
61359, 530
61384, 514
61409, 507
61434, 505
61459, 500
61484, 500
61509, 498
61534, 498
61559, 507
61584, 512
61609, 510
61634, 518
61659, 505
61684, 508
61709, 508
61734, 510
61759, 504
61785, 499
61809, 497
61834, 517
61859, 521
61884, 529
61910, 527
61934, 529
61960, 532
61984, 527
62010, 524
62034, 530
62059, 531
62085, 519
62109, 515
62135, 502
62159, 500
62185, 504
62210, 509
62234, 512
62260, 520
62284, 518
62310, 515
62334, 516
62360, 513
62385, 507
62409, 507
62435, 502
62459, 504
62485, 500
62510, 521
62535, 520
62560, 526
62584, 530
62610, 522
62635, 527
62660, 527
62685, 520
62710, 527
62735, 526
62760, 522
62785, 516
62810, 521
62835, 517
62860, 513
62885, 517
62910, 525
62936, 514
62960, 520
62985, 521
63010, 519
63035, 519
63060, 520
63085, 518
63111, 513
63135, 504
63160, 512
63185, 522
63210, 518
63236, 519
63260, 518
63286, 523
63310, 522
63335, 519
63361, 521
63385, 519
63411, 523
63435, 518
63461, 521
63485, 519
63511, 518
63536, 520
63560, 521
63586, 524
63610, 521
63636, 521
63661, 525
63686, 520
63711, 523
63735, 519
63761, 518
63785, 512
63811, 508
63836, 511
63861, 523
63886, 522
63910, 522
63936, 523
63961, 522
63986, 522
64011, 522
64036, 523
64061, 523
64087, 524
64111, 523
64136, 526
64161, 519
64186, 520
64211, 524
64236, 520
64262, 525
64286, 525
64311, 525
64336, 518
64361, 524
64387, 526
64411, 524
64437, 526
64461, 523
64486, 520
64512, 522
64536, 518
64562, 518
64586, 522
64612, 525
64636, 526
64661, 521
64687, 518
64711, 522
64737, 521
64761, 522
64787, 517
64812, 514
64837, 516
64862, 519
64886, 523
64912, 524
64936, 525
64962, 521
64987, 528
65012, 523
65037, 521
65061, 524
65087, 522
65112, 528
65137, 525
65162, 525
65187, 522
65212, 525
65236, 521
65262, 522
65287, 525
65312, 527
65337, 524
65362, 524
65387, 524
65412, 520
65437, 515
65462, 521
65487, 523
65512, 526
65538, 524
65562, 523
65588, 527
65612, 525
65637, 521
65662, 521
65687, 527
65713, 527
65737, 518
65763, 519
65787, 523
65812, 519
65838, 524
65862, 520
65888, 520
65912, 523
65938, 518
65963, 526
65987, 524
66013, 520
66037, 523
66063, 515
66087, 522
66113, 523
66138, 519
66162, 519
66188, 517
66212, 520
66238, 525
66263, 525
66288, 522
66313, 528
66338, 522
66363, 527
66387, 527
66413, 528
66438, 530
66463, 531
66488, 521
66513, 529
66538, 523
66563, 528
66588, 526
66613, 527
66638, 526
66663, 526
66689, 528
66713, 526
66738, 527
66763, 525
66788, 529
66813, 530
66838, 526
66864, 530
66888, 526
66913, 526
66938, 530
66963, 531
66989, 526
67013, 527
67039, 522
67063, 526
67089, 527
67113, 526
67138, 528
67164, 532
67188, 526
67214, 527
67238, 533
67264, 523
67289, 527
67313, 525
67339, 526
67363, 520
67389, 523
67414, 525
67439, 529
67464, 519
67488, 532
67514, 528
67538, 522
67564, 530
67589, 530
67614, 525
67639, 525
67664, 522
67689, 525
67714, 531
67739, 527
67764, 524
67789, 528
67814, 525
67840, 522
67864, 523
67889, 520
67914, 525
67939, 524
67964, 527
67989, 527
68015, 524
68039, 527
68064, 526
68089, 527
68114, 523
68140, 523
68164, 522
68190, 523
68214, 520
68239, 524
68264, 524
68289, 520
68315, 522
68339, 523
68365, 523
68389, 523
68415, 524
68440, 518
68464, 521
68490, 519
68514, 518
68540, 518
68564, 517
68590, 521
68615, 517
68639, 516
68665, 518
68689, 519
68715, 524
68740, 520
68765, 522
68790, 523
68814, 524
68840, 525
68865, 526
68890, 526
68915, 526
68940, 526
68965, 525
68989, 523
69015, 522
69040, 523
69065, 524
69090, 520
69115, 522
69140, 525
69166, 520
69190, 523
69215, 526
69240, 527
69265, 524
69291, 524
69315, 526
69341, 523
69365, 518
69390, 525
69415, 521
69440, 523
69466, 517
69490, 516
69516, 520
69540, 520
69565, 520
69591, 524
69615, 527
69641, 523
69665, 530
69691, 527
69715, 530
69740, 527
69766, 526
69790, 527
69816, 525
69840, 522
69866, 520
69891, 524
69916, 523
69941, 525
69965, 523
69991, 526
70016, 526
70041, 527
70066, 524
70091, 525
70116, 525
70140, 524
70166, 518
70191, 518
70216, 508
70241, 511
70266, 514
70291, 507
70316, 510
70341, 518
70366, 526
70391, 520
70416, 522
70441, 524
70466, 524
70492, 530
70516, 526
70541, 528
70566, 515
70591, 509
70617, 499
70641, 506
70667, 505
70691, 507
70716, 516
70742, 521
70766, 518
70792, 521
70816, 516
70842, 519
70866, 515
70891, 522
70917, 520
70941, 517
70967, 510
70991, 516
71017, 507
71042, 510
71066, 515
71092, 513
71116, 524
71142, 529
71166, 525
71192, 529
71217, 523
71242, 523
71267, 526
71291, 523
71317, 518
71342, 522
71367, 516
71392, 520
71417, 518
71442, 521
71467, 521
71492, 514
71517, 520
71542, 519
71567, 517
71592, 521
71617, 518
71642, 523
71667, 512
71692, 515
71717, 510
71742, 515
71768, 513
71792, 518
71817, 514
71842, 524
71867, 526
71892, 530
71917, 532
71943, 529
71967, 530
71993, 532
72017, 528
72042, 528
72068, 525
72092, 522
72118, 516
72142, 517
72168, 525
72193, 528
72217, 509
72243, 517
72267, 520
72293, 517
72317, 524
72343, 524
72368, 519
72392, 527
72418, 522
72442, 520
72468, 525
72493, 527
72518, 525
72543, 524
72567, 524
72593, 535
72617, 527
72643, 526
72668, 524
72693, 532
72718, 523
72743, 525
72768, 523
72793, 526
72818, 522
72843, 521
72868, 519
72893, 525
72919, 518
72943, 519
72968, 522
72993, 516
73018, 521
73043, 520
73068, 520
73094, 523
73118, 525
73143, 520
73168, 518
73193, 516
73219, 522
73243, 523
73269, 524
73293, 523
73318, 526
73344, 520
73368, 523
73394, 524
73418, 528
73444, 526
73468, 523
73494, 525
73519, 525
73543, 522
73569, 523
73593, 523
73619, 521
73644, 521
73669, 519
73694, 520
73718, 521
73744, 522
73768, 521
73794, 520
73819, 520
73844, 520
73869, 521
73893, 521
73919, 523
73944, 520
73969, 523
73994, 519
74019, 522
74044, 520
74070, 524
74094, 523
74119, 521
74144, 524
74169, 520
74194, 523
74219, 523
74245, 523
74269, 526
74294, 523
74319, 523
74344, 519
74370, 516
74394, 520
74420, 521
74444, 525
74469, 521
74494, 523
74519, 523
74545, 525
74569, 520
74595, 523
74619, 523
74644, 525
74670, 525
74694, 521
74720, 516
74744, 520
74770, 519
74795, 520
74820, 523
74845, 518
74869, 525
74895, 521
74919, 526
74945, 519
74970, 524
74995, 526
75020, 524
75044, 525
75070, 530
75095, 527
75120, 522
75145, 524
75170, 521
75195, 520
75219, 524
75245, 520
75270, 527
75295, 524
75320, 526
75345, 521
75370, 524
75395, 523
75420, 524
75445, 525
75470, 523
75495, 525
75521, 524
75545, 516
75571, 522
75595, 527
75620, 519
75645, 518
75670, 518
75696, 522
75720, 521
75746, 522
75770, 532
75795, 527
75821, 523
75845, 525
75871, 526
75895, 524
75921, 524
75945, 521
75970, 521
75996, 522
76020, 521
76046, 522
76070, 521
76096, 523
76121, 520
76145, 520
76171, 527
76195, 524
76221, 528
76246, 525
76271, 521
76296, 526
76321, 522
76346, 519
76370, 524
76396, 518
76421, 522
76446, 523
76471, 525
76496, 523
76521, 521
76546, 511
76571, 523
76596, 526
76621, 523
76646, 525
76672, 525
76696, 519
76721, 522
76746, 519
76771, 524
76796, 522
76821, 527
76847, 518
76871, 515
76897, 528
76921, 524
76946, 517
76972, 526
76996, 529
77022, 532
77046, 525
77072, 528
77096, 520
77121, 529
77147, 528
77171, 521
77197, 520
77221, 524
77247, 525
77272, 521
77296, 517
77322, 518
77346, 518
77372, 507
77396, 527
77422, 528
77447, 519
77471, 521
77497, 529
77521, 523
77547, 525
77572, 522
77597, 518
77622, 524
77647, 519
77672, 519
77697, 522
77722, 525
77747, 521
77772, 524
77797, 522
77822, 523
77847, 526
77872, 517
77897, 527
77922, 517
77947, 524
77972, 524
77998, 521
78022, 520
78047, 516
78072, 519
78097, 510
78123, 513
78147, 510
78173, 507
78197, 510
78222, 528
78247, 530
78272, 528
78298, 529
78322, 530
78348, 527
78372, 523
78398, 529
78423, 531
78447, 527
78473, 524
78497, 520
78523, 525
78547, 521
78573, 523
78598, 519
78622, 524
78648, 519
78672, 523
78698, 524
78723, 524
78748, 522
78773, 524
78797, 520
78823, 521
78848, 521
78873, 517
78898, 514
78923, 515
78948, 522
78972, 519
78998, 519
79023, 533
79048, 532
79073, 530
79098, 528
79123, 527
79149, 532
79173, 530
79198, 534
79223, 530
79248, 529
79273, 529
79298, 523
79324, 524
79348, 528
79373, 525
79398, 527
79423, 529
79449, 526
79473, 530
79499, 527
79523, 528
79548, 528
79574, 525
79598, 522
79624, 521
79648, 521
79674, 520
79698, 520
79723, 520
79749, 518
79773, 525
79799, 529
79823, 528
79849, 528
79874, 524
79899, 521
79924, 523
79948, 520
79974, 527
79998, 527
80024, 528
80049, 526
80074, 530
80099, 532
80123, 533
80149, 531
80174, 526
80199, 532
80224, 530
80249, 529
80274, 527
80299, 531
80324, 530
80349, 529
80374, 529
80399, 533
80424, 531
80449, 534
80475, 531
80499, 524
80524, 532
80549, 533
80574, 526
80600, 529
80624, 522
80650, 529
80674, 524
80699, 524
80724, 523
80749, 531
80775, 528
80799, 528
80825, 532
80849, 526
80874, 531
80900, 529
80924, 532
80950, 535
80974, 534
81000, 534
81025, 533
81049, 530
81075, 531
81099, 535
81125, 529
81149, 528
81175, 530
81200, 532
81225, 527
81250, 534
81274, 530
81300, 532
81325, 532
81350, 528
81375, 530
81400, 530
81425, 527
81449, 532
81475, 530
81500, 535
81525, 533
81550, 536
81575, 531
81600, 535
81625, 536
81650, 535
81675, 530
81700, 534
81725, 536
81751, 530
81775, 529
81800, 538
81825, 532
81850, 535
81875, 529
81900, 533
81926, 526
81950, 528
81976, 530
82000, 526
82025, 534
82051, 525
82075, 534
82101, 531
82125, 536
82151, 538
82176, 530
82200, 537
82226, 538
82250, 530
82276, 533
82300, 531
82326, 532
82351, 527
82375, 529
82401, 529
82425, 532
82451, 532
82476, 533
82501, 532
82526, 530
82550, 523
82576, 531
82600, 529
82626, 526
82651, 523
82676, 526
82701, 529
82726, 520
82751, 520
82776, 524
82801, 533
82826, 535
82851, 540
82876, 534
82902, 539
82926, 535
82951, 536
82976, 536
83001, 535
83026, 532
83051, 529
83077, 527
83101, 525
83126, 519
83151, 519
83176, 525
83202, 526
83226, 530
83252, 529
83276, 529
83302, 525
83326, 528
83351, 521
83377, 529
83401, 524
83427, 524
83451, 523
83477, 523
83502, 526
83526, 532
83552, 535
83576, 532
83602, 530
83627, 536
83652, 536
83677, 537
83701, 538
83727, 532
83751, 534
83777, 531
83802, 533
83827, 525
83852, 530
83876, 534
83902, 533
83927, 531
83952, 532
83977, 533
84002, 529
84027, 529
84052, 525
84077, 527
84102, 530
84127, 523
84152, 530
84177, 534
84202, 532
84228, 536
84252, 541
84277, 533
84302, 539
84327, 533
84353, 537
84377, 541
84403, 535
84427, 532
84452, 534
84477, 537
84502, 534
84528, 532
84552, 533
84578, 536
84602, 532
84627, 534
84653, 534
84677, 533
84703, 535
84727, 535
84753, 530
84777, 530
84803, 529
84828, 527
84852, 525
84878, 528
84902, 525
84928, 526
84953, 531
84978, 536
85003, 535
85027, 537
85053, 535
85078, 538
85103, 536
85128, 535
85153, 537
85178, 536
85202, 536
85228, 536
85253, 533
85278, 534
85303, 534
85328, 535
85353, 532
85378, 532
85403, 533
85428, 532
85453, 533
85478, 532
85504, 530
85528, 526
85554, 523
85578, 524
85603, 526
85628, 525
85653, 525
85679, 528
85703, 523
85729, 528
85753, 530
85778, 534
85804, 532
85828, 537
85854, 531
85878, 536
85904, 533
85928, 534
85953, 528
85979, 531
86003, 521
86029, 520
86053, 526
86079, 521
86104, 525
86128, 524
86154, 527
86178, 526
86204, 525
86228, 525
86254, 523
86279, 529
86304, 525
86329, 522
86353, 522
86379, 527
86404, 518
86429, 527
86454, 525
86479, 522
86504, 527
86529, 526
86554, 524
86579, 529
86604, 526
86629, 527
86654, 532
86679, 534
86704, 528
86729, 526
86754, 524
86779, 530
86804, 524
86830, 528
86854, 525
86880, 527
86904, 529
86929, 525
86955, 526
86979, 521
87005, 528
87029, 525
87055, 525
87079, 525
87104, 525
87130, 524
87154, 519
87180, 522
87204, 526
87230, 520
87255, 522
87279, 529
87305, 513
87329, 526
87355, 525
87379, 525
87405, 520
87430, 524
87454, 522
87480, 526
87504, 527
87530, 529
87555, 531
87580, 527
87605, 528
87630, 529
87655, 531
87680, 527
87705, 524
87730, 524
87755, 526
87780, 531
87805, 526
87830, 533
87855, 528
87880, 527
87905, 531
87930, 532
87955, 525
87981, 537
88005, 534
88030, 526
88055, 528
88080, 529
88105, 531
88130, 524
88156, 519
88180, 524
88205, 522
88230, 522
88255, 519
88281, 532
88305, 540
88331, 528
88355, 534
88381, 531
88406, 536
88430, 531
88456, 535
88480, 533
88506, 535
88530, 536
88556, 537
88581, 534
88605, 527
88631, 534
88655, 530
88681, 533
88706, 529
88731, 534
88756, 534
88780, 534
88806, 531
88830, 534
88856, 533
88881, 523
88906, 524
88931, 528
88955, 527
88981, 523
89006, 519
89031, 522
89056, 516
89081, 511
89106, 514
89132, 527
89156, 528
89181, 529
89206, 526
89231, 536
89256, 533
89281, 534
89307, 530
89331, 527
89356, 530
89381, 529
89406, 528
89432, 525
89456, 525
89482, 532
89506, 531
89531, 530
89556, 531
89581, 530
89607, 532
89631, 526
89657, 531
89681, 531
89707, 529
89732, 528
89756, 525
89782, 523
89806, 522
89832, 517
89857, 522
89882, 519
89907, 521
89931, 521
89957, 527
89981, 533
90007, 527
90032, 533
90057, 528
90082, 529
90106, 527
90132, 531
90157, 529
90182, 528
90207, 531
90232, 528
90257, 525
90281, 521
90307, 516
90332, 517
90357, 522
90382, 520
90407, 523
90432, 524
90458, 525
90482, 521
90507, 519
90532, 522
90557, 520
90583, 521
90607, 515
90633, 521
90657, 517
90682, 518
90707, 521
90732, 526
90758, 523
90782, 525
90808, 526
90832, 529
90857, 530
90883, 527
90907, 528
90933, 528
90957, 523
90983, 523
91008, 520
91032, 518
91058, 521
91082, 523
91108, 524
91132, 524
91158, 522
91183, 523
91208, 523
91233, 522
91257, 518
91283, 517
91308, 518
91333, 521
91358, 518
91383, 517
91408, 517
91432, 519
91458, 522
91483, 526
91508, 527
91533, 528
91558, 526
91583, 528
91608, 529
91633, 529
91658, 527
91683, 524
91708, 525
91734, 523
91758, 524
91783, 521
91808, 525
91833, 521
91858, 526
91883, 519
91909, 520
91933, 521
91959, 523
91983, 519
92008, 521
92034, 522
92058, 519
92084, 519
92108, 517
92134, 516
92158, 517
92183, 519
92209, 524
92233, 522
92259, 526
92283, 523
92309, 528
92334, 525
92358, 521
92384, 518
92408, 521
92434, 514
92459, 521
92484, 525
92509, 526
92533, 524
92559, 523
92583, 522
92609, 519
92634, 521
92659, 522
92684, 523
92709, 523
92734, 520
92759, 523
92784, 522
92809, 517
92834, 518
92859, 517
92884, 511
92909, 509
92934, 513
92959, 518
92984, 520
93009, 519
93034, 519
93060, 525
93084, 526
93109, 527
93134, 520
93159, 520
93185, 516
93209, 523
93235, 525
93259, 519
93285, 519
93309, 521
93334, 524
93360, 518
93384, 518
93410, 520
93434, 520
93460, 519
93485, 521
93509, 524
93535, 514
93559, 518
93585, 511
93609, 513
93635, 510
93660, 513
93684, 510
93710, 509
93734, 515
93760, 518
93785, 521
93810, 519
93835, 520
93859, 525
93885, 524
93910, 518
93935, 516
93960, 523
93985, 521
94010, 519
94035, 517
94060, 521
94085, 520
94110, 517
94135, 520
94160, 522
94185, 515
94211, 515
94235, 515
94260, 516
94285, 519
94310, 518
94336, 513
94360, 518
94386, 518
94410, 517
94435, 507
94460, 510
94485, 508
94511, 497
94535, 506
94561, 513
94585, 521
94610, 515
94636, 522
94660, 519
94686, 526
94710, 525
94736, 524
94760, 521
94786, 524
94811, 521
94835, 523
94861, 514
94885, 521
94911, 524
94936, 524
94961, 521
94986, 511
95010, 519
95036, 519
95060, 521
95086, 518
95111, 517
95136, 517
95161, 512
95185, 512
95211, 513
95236, 511
95261, 499
95286, 499
95311, 499
95336, 489
95361, 495
95386, 500
95411, 517
95436, 524
95461, 522
95486, 523
95511, 520
95537, 528
95561, 527
95586, 523
95611, 522
95636, 522
95662, 525
95686, 520
95712, 519
95736, 520
95761, 520
95787, 513
95811, 519
95837, 518
95861, 515
95887, 523
95911, 518
95936, 514
95962, 516
95986, 512
96012, 510
96036, 504
96062, 497
96087, 497
96112, 489
96137, 487
96161, 482
96187, 481
96211, 480
96237, 493
96262, 510
96287, 515
96312, 517
96336, 517
96362, 517
96387, 519
96412, 511
96437, 518
96462, 518
96487, 514
96512, 503
96537, 503
96562, 496
96587, 500
96612, 496
96637, 505
96662, 502
96687, 496
96712, 502
96737, 497
96762, 495
96787, 504
96813, 498
96837, 498
96863, 494
96887, 494
96912, 494
96937, 490
96962, 479
96988, 479
97012, 479
97038, 477
97062, 484
97087, 496
97113, 509
97137, 514
97163, 519
97187, 516
97213, 514
97238, 512
97262, 514
97288, 515
97312, 511
97338, 509
97362, 503
97388, 501
97413, 496
97437, 501
97463, 498
97487, 499
97513, 497
97538, 500
97563, 498
97588, 502
97613, 499
97638, 495
97662, 498
97688, 494
97713, 492
97738, 491
97763, 489
97788, 479
97813, 481
97838, 477
97863, 478
97888, 476
97913, 485
97938, 499
97964, 511
97988, 511
98013, 512
98038, 510
98063, 515
98088, 514
98113, 514
98139, 514
98163, 508
98188, 507
98213, 503
98238, 501
98264, 498
98288, 497
98314, 499
98338, 501
98364, 502
98388, 500
98413, 503
98439, 502
98463, 501
98489, 500
98513, 492
98539, 484
98564, 482
98588, 486
98614, 486
98638, 478
98664, 479
98689, 489
98714, 493
98739, 519
98763, 515
98789, 512
98813, 514
98839, 515
98864, 517
98889, 519
98914, 517
98938, 516
98964, 511
98989, 508
99014, 506
99039, 503
99064, 501
99089, 499
99115, 503
99139, 505
99164, 506
99189, 504
99214, 499
99239, 499
99264, 501
99290, 501
99314, 500
99339, 498
99364, 498
99389, 499
99415, 486
99439, 493
99465, 488
99489, 486
99514, 507
99539, 514
99564, 518
99590, 513
99614, 521
99640, 519
99664, 519
99690, 512
99715, 518
99739, 518
99765, 509
99789, 511
99815, 514
99840, 510
99865, 508
99890, 511
99914, 513
99940, 509
99964, 514
99990, 513
100015, 512
100042, 514
100069, 510
100097, 509
100123, 507
100150, 504
100177, 507
100204, 505
100232, 502
100258, 511
100286, 516
100313, 518
100340, 519
100367, 520
100395, 519
100421, 518
100449, 523
100475, 514
100503, 520
100530, 517
100557, 522
100584, 519
100611, 521
100638, 523
100665, 521
100692, 518
100719, 519
100747, 522
100773, 520
100801, 520
100828, 519
100855, 520
100882, 519
100910, 525
100936, 518
100964, 512
100990, 515
101018, 517
101045, 516
101071, 525
101099, 528
101126, 528
101153, 524
101180, 525
101208, 525
101234, 523
101262, 522
101288, 527
101316, 523
101343, 530
101370, 524
101397, 524
101425, 524
101451, 523
101479, 524
101506, 519
101532, 523
101560, 522
101586, 525
101614, 518
101641, 516
101668, 520
101695, 520
101723, 514
101749, 516
101777, 516
101804, 515
101831, 521
101858, 519
101885, 524
101912, 527
101939, 527
101966, 526
101993, 523
102021, 524
102047, 516
102075, 528
102102, 521
102129, 515
102156, 520
102183, 518
102210, 519
102238, 520
102264, 520
102292, 527
102319, 519
102346, 524
102373, 522
102400, 520
102427, 518
102454, 519
102481, 513
102508, 520
102536, 514
102562, 516
102590, 515
102617, 514
102644, 511
102671, 515
102699, 520
102725, 526
102753, 516
102779, 519
102807, 524
102834, 523
102860, 522
102888, 520
102915, 520
102942, 521
102969, 518
102996, 520
103023, 520
103051, 518
103077, 519
103105, 524
103132, 517
103159, 519
103186, 522
103214, 518
103240, 519
103268, 520
103294, 519
103321, 520
103349, 521
103375, 520
103403, 514
103430, 522
103457, 519
103484, 517
103512, 511
103538, 519
103566, 525
103592, 523
103620, 523
103647, 521
103674, 520
103701, 524
103728, 522
103755, 518
103782, 524
103810, 522
103836, 527
103864, 519
103890, 521
103918, 522
103945, 523
103972, 523
103999, 523
104027, 521
104053, 520
104081, 520
104108, 518
104135, 520
104162, 514
104188, 525
104216, 518
104243, 516
104270, 519
104297, 514
104325, 523
104351, 523
104379, 521
104406, 531
104433, 524
104460, 524
104487, 527
104514, 526
104542, 529
104568, 524
104596, 524
104623, 520
104649, 525
104677, 524
104704, 525
104731, 528
104758, 528
104785, 523
104812, 522
104840, 525
104866, 523
104894, 525
104921, 524
104948, 528
104975, 524
105003, 522
105029, 523
105057, 525
105083, 525
105110, 525
105138, 525
105164, 526
105192, 527
105219, 529
105246, 523
105273, 525
105300, 526
105327, 531
105355, 524
105381, 522
105409, 523
105436, 529
105463, 531
105490, 525
105517, 525
105544, 523
105571, 526
105598, 524
105625, 526
105653, 521
105679, 528
105707, 528
105734, 521
105761, 524
105788, 523
105816, 515
105842, 516
105870, 520
105896, 525
105924, 527
105951, 531
105977, 525
106005, 528
106032, 529
106059, 526
106086, 526
106114, 528
106140, 525
106168, 527
106194, 524
106222, 527
106249, 532
106276, 521
106303, 524
106331, 528
106357, 527
106385, 526
106412, 524
106438, 522
106466, 527
106492, 529
106520, 525
106547, 527
106574, 527
106601, 523
106629, 531
106655, 528
106683, 529
106710, 526
106737, 531
106764, 531
106791, 531
106818, 525
106846, 529
106872, 528
106899, 527
106927, 527
106953, 522
106981, 533
107008, 528
107035, 529
107062, 525
107089, 524
107116, 526
107144, 524
107170, 523
107198, 525
107225, 527
107252, 521
107279, 526
107305, 523
107333, 524
107360, 528
107387, 532
107414, 533
107442, 528
107468, 526
107496, 529
107523, 532
107550, 528
107577, 530
107604, 526
107631, 528
107659, 525
107685, 528
107713, 532
107740, 534
107766, 529
107794, 524
107821, 534
107848, 530
107875, 523
107902, 526
107929, 526
107957, 528
107983, 526
108011, 523
108038, 528
108065, 530
108092, 530
108120, 526
108146, 521
108174, 525
108200, 525
108227, 530
108255, 527
108281, 529
108309, 522
108336, 529
108363, 527
108390, 527
108418, 525
108444, 530
108472, 525
108498, 532
108526, 530
108553, 531
108580, 530
108607, 530
108635, 528
108661, 525
108688, 538
108716, 529
108742, 531
108770, 529
108796, 528
108824, 530
108851, 533
108878, 523
108905, 532
108933, 528
108959, 524
108987, 532
109014, 532
109041, 528
109068, 528
109094, 528
109122, 528
109149, 528
109176, 529
109203, 527
109231, 534
109257, 528
109285, 527
109312, 523
109339, 533
109366, 527
109393, 527
109420, 528
109448, 527
109474, 528
109502, 525
109529, 531
109555, 525
109583, 531
109609, 530
109637, 522
109664, 532
109691, 525
109718, 531
109746, 536
109772, 534
109800, 533
109827, 529
109854, 527
109881, 527
109908, 530
109935, 528
109963, 536
109989, 533
110016, 533
110044, 528
110070, 523
110098, 529
110125, 531
110152, 540
110179, 537
110206, 530
110233, 530
110261, 537
110287, 527
110315, 531
110342, 525
110369, 535
110396, 532
110424, 533
110450, 529
110477, 536
110504, 538
110531, 536
110559, 527
110585, 532
110613, 531
110640, 529
110667, 530
110694, 529
110722, 527
110748, 529
110776, 528
110802, 530
110830, 531
110857, 528
110884, 532
110911, 531
110938, 531
110965, 532
110992, 522
111020, 527
111046, 527
111074, 532
111100, 533
111128, 545
111155, 529
111182, 531
111209, 538
111237, 538
111263, 539
111291, 527
111318, 532
111344, 532
111372, 530
111398, 531
111426, 528
111453, 533
111480, 533
111507, 526
111535, 537
111561, 531
111589, 530
111616, 530
111643, 530
111670, 526
111697, 527
111724, 525
111752, 534
111778, 536
111805, 548
111833, 552
111859, 543
111887, 537
111913, 534
111941, 536
111968, 540
111995, 534
112022, 534
112050, 538
112076, 535
112104, 532
112131, 532
112158, 534
112185, 539
112212, 533
112239, 535
112266, 537
112293, 532
112320, 531
112348, 531
112374, 527
112402, 528
112429, 530
112456, 530
112483, 537
112510, 535
112537, 542
112565, 544
112591, 537
112619, 542
112646, 537
112673, 536