0, 528
0, 528
1, 523
1, 519
1, 527
2, 524
2, 522
2, 525
14, 523
32, 519
52, 518
70, 522
89, 533
108, 533
129, 536
149, 524
171, 532
191, 527
212, 529
233, 534
253, 536
275, 528
295, 531
316, 534
337, 537
358, 530
378, 531
400, 529
420, 525
442, 530
462, 529
483, 530
504, 536
525, 529
545, 536
567, 530
587, 536
608, 534
629, 535
650, 529
671, 532
692, 528
712, 527
734, 521
754, 524
775, 527
796, 524
817, 523
837, 522
859, 521
879, 536
900, 527
921, 525
942, 527
963, 529
984, 522
1004, 529
1028, 519
1050, 530
1073, 527
1096, 527
1119, 530
1142, 521
1165, 529
1187, 525
1211, 525
1233, 526
1257, 528
1280, 521
1302, 525
1326, 527
1348, 522
1372, 525
1394, 523
1417, 519
1440, 517
1463, 520
1486, 522
1509, 519
1531, 519
1555, 517
1577, 514
1601, 513
1624, 518
1646, 517
1670, 510
1692, 522
1716, 523
1738, 523
1761, 517
1784, 513
1807, 519
1830, 523
1853, 518
1875, 526
1899, 524
1922, 520
1945, 520
1968, 516
1990, 522
2014, 523
2036, 524
2060, 523
2082, 519
2105, 519
2128, 521
2151, 520
2174, 520
2197, 527
2220, 525
2243, 526
2266, 523
2289, 522
2312, 522
2334, 513
2358, 518
2380, 523
2404, 513
2426, 518
2449, 515
2472, 524
2495, 524
2519, 516
2541, 520
2564, 521
2587, 519
2610, 533
2633, 531
2656, 518
2678, 525
2702, 526
2724, 525
2748, 527
2770, 522
2793, 517
2817, 524
2839, 529
2862, 530
2885, 521
2908, 519
2931, 525
2954, 527
2976, 525
3000, 527
3022, 521
3046, 528
3068, 531
3091, 526
3115, 522
3137, 526
3161, 527
3183, 526
3206, 523
3229, 524
3252, 520
3275, 525
3298, 524
3320, 526
3344, 522
3366, 521
3390, 512
3412, 521
3435, 520
3459, 513
3481, 513
3505, 512
3527, 514
3550, 517
3573, 516
3596, 516
3619, 520
3642, 513
3664, 514
3688, 514
3710, 520
3734, 517
3757, 523
3779, 518
3803, 517
3825, 522
3849, 516
3871, 517
3894, 517
3917, 523
3940, 519
3963, 520
3986, 520
4008, 523
4032, 521
4055, 520
4078, 521
4101, 518
4123, 517
4147, 522
4169, 520
4193, 517
4215, 509
4238, 511
4261, 514
4284, 517
4307, 517
4330, 510
4353, 509
4376, 506
4399, 501
4422, 505
4445, 508
4467, 505
4491, 525
4513, 530
4537, 530
4559, 527
4582, 530
4605, 531
4628, 529
4651, 529
4674, 531
4697, 528
4720, 526
4743, 527
4765, 527
4789, 520
4811, 516
4835, 518
4857, 516
4880, 517
4903, 518
4926, 515
4950, 524
4972, 514
4995, 519
5018, 519
5041, 515
5064, 520
5087, 516
5109, 519
5133, 522
5155, 505
5179, 510
5201, 503
5224, 504
5248, 502
5270, 502
5294, 493
5316, 485
5339, 482
5362, 493
5385, 491
5408, 487
5431, 493
5453, 509
5477, 514
5499, 514
5523, 511
5545, 513
5568, 518
5592, 517
5614, 515
5638, 513
5660, 513
5683, 515
5706, 506
5729, 510
5752, 508
5775, 503
5797, 510
5821, 511
5843, 509
5867, 511
5890, 509
5912, 516
5936, 512
5958, 513
5982, 510
6004, 508
6027, 508
6050, 509
6073, 507
6096, 512
6119, 508
6141, 504
6165, 495
6188, 487
6211, 494
6234, 487
6256, 490
6280, 486
6302, 487
6326, 486
6348, 487
6371, 483
6394, 517
6417, 513
6440, 510
6463, 521
6486, 514
6509, 520
6532, 522
6554, 519
6578, 524
6600, 519
6624, 517
6646, 519
6669, 515
6692, 516
6715, 520
6738, 521
6761, 516
6784, 518
6807, 516
6830, 519
6853, 511
6876, 516
6898, 516
6922, 515
6944, 519
6968, 517
6990, 510
7013, 518
7036, 511
7059, 513
7083, 509
7105, 496
7128, 500
7151, 499
7174, 496
7197, 498
7220, 501
7242, 515
7266, 522
7288, 525
7312, 524
7334, 519
7357, 524
7380, 520
7403, 524
7427, 525
7449, 522
7472, 522
7495, 518
7518, 524
7541, 519
7564, 521
7586, 515
7610, 520
7632, 518
7656, 521
7678, 520
7701, 520
7725, 526
7747, 522
7771, 520
7793, 520
7816, 513
7839, 521
7862, 521
7885, 516
7908, 520
7930, 512
7954, 509
7976, 511
8000, 507
8023, 506
8045, 499
8069, 504
8091, 505
8115, 527
8137, 524
8160, 526
8183, 526
8206, 522
8229, 523
8252, 521
8274, 523
8298, 525
8321, 528
8343, 531
8367, 525
8389, 530
8413, 528
8435, 524
8458, 522
8481, 529
8504, 526
8527, 526
8550, 527
8572, 521
8596, 518
8619, 522
8642, 528
8665, 530
8687, 527
8711, 522
8733, 523
8757, 527
8779, 518
8802, 520
8825, 518
8848, 522
8871, 518
8894, 515
8916, 511
8940, 515
8963, 518
8986, 524
9009, 527
9031, 526
9055, 522
9077, 527
9101, 529
9123, 529
9146, 525
9169, 526
9192, 527
9216, 529
9238, 532
9261, 532
9284, 524
9307, 527
9330, 523
9353, 519
9375, 523
9399, 525
9421, 520
9445, 524
9467, 520
9490, 526
9513, 523
9536, 524
9560, 521
9582, 523
9605, 526
9628, 522
9651, 517
9674, 517
9697, 513
9719, 515
9743, 507
9765, 510
9789, 507
9811, 509
9834, 504
9858, 507
9880, 512
9904, 516
9926, 523
9949, 522
9972, 527
9995, 523
10018, 523
10043, 525
10067, 523
10093, 524
10118, 517
10143, 523
10168, 523
10193, 526
10218, 522
10243, 520
10268, 520
10293, 520
10318, 518
10343, 521
10369, 517
10393, 522
10418, 516
10443, 519
10468, 519
10493, 520
10518, 519
10544, 515
10568, 510
10593, 514
10618, 510
10643, 516
10669, 510
10693, 516
10719, 510
10743, 514
10769, 515
10793, 517
10818, 524
10844, 526
10868, 522
10894, 521
10918, 519
10944, 522
10969, 528
10993, 525
11019, 522
11043, 522
11069, 520
11094, 526
11119, 519
11144, 524
11168, 525
11194, 524
11218, 522
11244, 523
11269, 520
11294, 516
11319, 526
11343, 526
11369, 522
11394, 522
11419, 517
11444, 511
11469, 512
11494, 522
11520, 518
11544, 515
11569, 516
11594, 516
11619, 514
11644, 514
11669, 515
11695, 522
11719, 527
11744, 528
11769, 530
11794, 527
11820, 526
11844, 525
11870, 527
11894, 525
11919, 524
11944, 526
11969, 516
11995, 521
12019, 517
12045, 522
12069, 518
12094, 522
12120, 520
12144, 525
12170, 524
12194, 527
12220, 525
12244, 525
12270, 519
12295, 523
12319, 518
12345, 509
12369, 519
12395, 520
12420, 519
12445, 518
12470, 517
12494, 519
12520, 521
12545, 526
12570, 525
12595, 525
12620, 521
12645, 525
12669, 529
12695, 527
12720, 524
12745, 524
12770, 519
12795, 511
12820, 515
12846, 522
12870, 518
12895, 523
12920, 522
12945, 523
12971, 521
12995, 519
13021, 523
13045, 522
13070, 518
13095, 520
13120, 518
13146, 514
13170, 510
13196, 515
13220, 511
13245, 518
13271, 510
13295, 521
13321, 523
13345, 523
13371, 528
13395, 524
13420, 524
13446, 522
13470, 523
13496, 525
13520, 524
13546, 521
13571, 524
13596, 521
13621, 523
13645, 518
13671, 517
13696, 522
13721, 521
13746, 524
13771, 520
13796, 521
13820, 524
13846, 519
13871, 521
13896, 518
13921, 520
13946, 519
13971, 520
13996, 518
14021, 516
14046, 515
14071, 519
14096, 515
14121, 513
14146, 521
14171, 523
14196, 525
14221, 523
14246, 525
14271, 522
14297, 522
14321, 524
14347, 523
14371, 526
14396, 524
14422, 523
14446, 524
14472, 521
14496, 522
14522, 523
14546, 521
14571, 525
14597, 521
14621, 520
14647, 522
14671, 520
14697, 523
14722, 522
14746, 515
14772, 523
14796, 520
14822, 517
14846, 512
14872, 515
14897, 514
14921, 516
14947, 511
14971, 520
14997, 514
15022, 522
15047, 526
15072, 528
15097, 524
15122, 522
15147, 523
15172, 528
15197, 521
15222, 525
15247, 521
15272, 520
15297, 523
15322, 520
15347, 525
15372, 527
15397, 525
15422, 528
15448, 525
15472, 523
15497, 524
15522, 520
15547, 522
15572, 525
15597, 519
15623, 524
15647, 523
15672, 521
15697, 520
15722, 527
15748, 519
15772, 522
15798, 516
15822, 517
15848, 516
15873, 515
15897, 513
15923, 520
15947, 518
15973, 524
15997, 524
16023, 520
16048, 519
16072, 526
16098, 523
16122, 526
16148, 530
16173, 521
16198, 526
16223, 524
16247, 518
16273, 523
16297, 522
16323, 523
16348, 521
16373, 524
16398, 520
16423, 521
16448, 523
16473, 523
16498, 517
16523, 527
16548, 524
16573, 517
16599, 519
16623, 521
16648, 517
16673, 518
16698, 514
16723, 517
16748, 519
16774, 512
16798, 514
16823, 520
16848, 516
16873, 513
16899, 525
16923, 523
16949, 524
16973, 523
16998, 518
17024, 518
17048, 525
17074, 522
17098, 521
17124, 517
17148, 517
17174, 516
17199, 519
17223, 518
17249, 521
17273, 522
17299, 515
17324, 516
17349, 517
17374, 517
17398, 521
17424, 516
17448, 517
17474, 523
17499, 515
17524, 507
17549, 516
17573, 517
17599, 509
17624, 518
17649, 506
17674, 514
17699, 510
17724, 504
17748, 495
17774, 497
17799, 498
17824, 490
17849, 522
17874, 512
17899, 515
17925, 519
17949, 513
17974, 515
17999, 517
18024, 512
18050, 506
18074, 513
18100, 507
18124, 503
18149, 505
18174, 502
18199, 508
18225, 515
18249, 515
18275, 509
18299, 518
18324, 512
18350, 513
18374, 513
18400, 517
18424, 506
18450, 514
18475, 513
18499, 509
18525, 505
18549, 504
18575, 501
18599, 499
18625, 510
18650, 511
18675, 519
18700, 517
18724, 513
18750, 515
18775, 517
18800, 515
18825, 511
18850, 520
18875, 511
18899, 514
18925, 517
18950, 512
18975, 503
19000, 506
19025, 512
19050, 507
19075, 516
19100, 512
19125, 518
19150, 519
19175, 516
19201, 508
19225, 507
19251, 507
19275, 512
19300, 509
19325, 509
19350, 505
19376, 504
19400, 505
19426, 504
19450, 501
19475, 505
19501, 504
19525, 507
19551, 523
19575, 516
19601, 513
19625, 509
19650, 510
19676, 513
19700, 513
19726, 514
19750, 510
19776, 511
19801, 512
19825, 509
19851, 503
19875, 506
19901, 506
19926, 511
19951, 513
19976, 516
20001, 515
20026, 516
20050, 514
20076, 510
20101, 512
20126, 504
20151, 504
20176, 502
20201, 502
20226, 504
20251, 502
20276, 504
20301, 508
20326, 503
20352, 506
20376, 502
20401, 520
20426, 519
20451, 514
20476, 509
20501, 515
20527, 513
20551, 512
20576, 516
20601, 518
20626, 512
20652, 514
20676, 509
20702, 508
20726, 509
20752, 508
20776, 518
20801, 515
20827, 511
20851, 516
20877, 518
20901, 517
20927, 517
20952, 515
20976, 509
21002, 509
21026, 502
21052, 509
21076, 507
21102, 504
21127, 505
21151, 500
21177, 499
21201, 510
21227, 498
21252, 516
21277, 512
21302, 514
21326, 510
21352, 512
21377, 509
21402, 510
21427, 513
21452, 508
21477, 507
21502, 513
21527, 507
21552, 518
21577, 522
21602, 517
21627, 512
21652, 516
21678, 521
21702, 521
21727, 517
21752, 516
21777, 519
21803, 512
21827, 510
21853, 518
21877, 519
21902, 514
21927, 507
21952, 512
21978, 503
22002, 509
22028, 507
22052, 515
22077, 517
22103, 514
22127, 513
22153, 515
22177, 521
22203, 520
22227, 511
22253, 520
22278, 521
22302, 515
22328, 516
22352, 519
22378, 522
22403, 519
22428, 516
22453, 519
22477, 523
22503, 522
22528, 521
22553, 523
22578, 520
22603, 524
22628, 523
22652, 525
22678, 519
22703, 524
22728, 520
22753, 519
22778, 518
22803, 516
22829, 521
22853, 521
22878, 521
22903, 516
22928, 513
22953, 521
22978, 508
23004, 504
23028, 510
23053, 510
23078, 512
23103, 505
23129, 517
23153, 512
23179, 515
23203, 522
23228, 516
23254, 519
23278, 516
23304, 517
23328, 507
23354, 515
23378, 514
23403, 514
23429, 510
23453, 521
23479, 513
23503, 519
23529, 515
23554, 514
23579, 517
23604, 515
23628, 518
23654, 514
23678, 518
23704, 521
23729, 541
23754, 513
23779, 512
23803, 512
23829, 511
23854, 519
23879, 515
23904, 515
23929, 514
23954, 513
23979, 513
24004, 520
24029, 514
24054, 515
24079, 513
24104, 513
24129, 512
24154, 520
24179, 514
24204, 518
24229, 515
24254, 515
24280, 515
24304, 516
24330, 511
24354, 507
24379, 515
24404, 513
24429, 514
24455, 518
24479, 518
24505, 511
24529, 514
24554, 513
24580, 515
24604, 518
24630, 520
24654, 511
24680, 510
24705, 512
24729, 513
24755, 512
24779, 510
24805, 514
24829, 518
24855, 517
24880, 513
24904, 515
24930, 515
24954, 514
24980, 519
25005, 514
25030, 517
25055, 516
25080, 514
25105, 513
25129, 508
25155, 516
25180, 521
25205, 517
25230, 516
25255, 519
25280, 518
25305, 518
25330, 517
25355, 517
25380, 515
25405, 512
25431, 506
25455, 509
25480, 513
25505, 514
25530, 512
25555, 515
25580, 514
25606, 515
25630, 513
25656, 514
25680, 514
25705, 513
25731, 509
25755, 512
25781, 511
25805, 509
25831, 515
25856, 515
25880, 515
25906, 520
25930, 513
25956, 517
25980, 520
26006, 516
26031, 518
26055, 517
26081, 516
26105, 508
26131, 512
26156, 518
26181, 517
26206, 518
26230, 526
26256, 517
26280, 525
26306, 522
26331, 518
26356, 515
26381, 519
26406, 513
26431, 516
26456, 521
26481, 520
26506, 518
26531, 543
26556, 546
26582, 516
26606, 518
26631, 517
26656, 516
26681, 513
26706, 521
26731, 517
26757, 519
26781, 519
26806, 521
26831, 522
26856, 521
26882, 519
26906, 518
26932, 518
26956, 519
26981, 524
27006, 515
27031, 521
27057, 518
27081, 521
27107, 516
27131, 520
27157, 511
27182, 516
27206, 520
27232, 521
27256, 538
27282, 517
27307, 513
27332, 522
27357, 518
27381, 517
27407, 509
27431, 520
27457, 518
27482, 515
27507, 518
27532, 513
27556, 509
27582, 511
27607, 510
27632, 513
27657, 512
27682, 517
27707, 510
27731, 508
27757, 517
27782, 514
27807, 512
27832, 517
27857, 510
27882, 514
27908, 510
27932, 509
27957, 513
27982, 513
28007, 507
28033, 513
28057, 510
28083, 516
28107, 515
28132, 517
28157, 515
28182, 519
28208, 520
28232, 512
28258, 502
28282, 506
28307, 508
28333, 511
28357, 509
28383, 512
28407, 508
28433, 514
28457, 513
28482, 505
28508, 511
28532, 516
28558, 509
28582, 512
28608, 510
28633, 514
28658, 511
28683, 509
28707, 507
28733, 510
28758, 496
28783, 508
28808, 512
28833, 513
28858, 515
28882, 518
28908, 514
28933, 517
28958, 508
28983, 516
29008, 515
29033, 515
29058, 506
29083, 517
29108, 509
29133, 516
29158, 506
29184, 510
29208, 514
29234, 508
29258, 509
29283, 509
29308, 516
29333, 511
29359, 512
29383, 515
29409, 510
29433, 515
29458, 513
29484, 509
29508, 507
29534, 502
29558, 509
29584, 507
29608, 509
29633, 514
29659, 514
29683, 517
29709, 515
29733, 515
29759, 519
29784, 511
29808, 518
29834, 518
29858, 512
29884, 510
29908, 515
29934, 517
29959, 513
29984, 514
30009, 516
30033, 514
30059, 515
30084, 514
30109, 515
30134, 515
30159, 512
30184, 512
30209, 511
30234, 511
30259, 508
30284, 509
30309, 511
30334, 509
30359, 509
30384, 506
30409, 507
30434, 510
30459, 517
30484, 517
30510, 510
30534, 513
30559, 516
30584, 513
30609, 512
30635, 515
30659, 515
30685, 512
30709, 511
30735, 514
30759, 511
30784, 513
30810, 515
30834, 512
30860, 511
30884, 512
30910, 510
30935, 512
30959, 509
30985, 512
31009, 508
31035, 508
31059, 511
31085, 509
31110, 509
31134, 504
31160, 505
31184, 503
31210, 509
31235, 504
31260, 501
31285, 506
31309, 517
31335, 514
31360, 513
31385, 516
31410, 518
31435, 512
31460, 513
31485, 513
31510, 513
31535, 505
31560, 511
31585, 510
31610, 514
31635, 508
31661, 511
31685, 504
31710, 513
31735, 505
31760, 510
31785, 509
31810, 513
31836, 506
31860, 501
31885, 503
31910, 501
31935, 501
31961, 503
31985, 504
32011, 503
32035, 503
32061, 504
32086, 502
32110, 503
32136, 496
32160, 509
32186, 512
32210, 506
32236, 512
32261, 507
32285, 512
32311, 514
32335, 504
32361, 502
32386, 498
32411, 503
32436, 493
32460, 504
32486, 499
32510, 503
32536, 506
32561, 509
32586, 498
32611, 501
32635, 506
32661, 507
32686, 507
32711, 502
32736, 498
32761, 499
32786, 501
32812, 505
32836, 504
32861, 502
32886, 501
32911, 495
32936, 505
32961, 501
32987, 503
33011, 497
33036, 487
33061, 489
33086, 487
33112, 489
33136, 482
33162, 490
33186, 482
33211, 493
33236, 488
33261, 496
33287, 492
33311, 495
33337, 496
33361, 494
33386, 492
33412, 487
33436, 492
33462, 492
33486, 490
33512, 493
33537, 493
33562, 491
33587, 489
33611, 493
33637, 496
33661, 487
33687, 490
33712, 488
33737, 498
33762, 485
33786, 492
33812, 495
33837, 488
33862, 493
33887, 494
33912, 495
33937, 493
33961, 498
33987, 488
34012, 488
34037, 487
34062, 486
34087, 488
34112, 484
34137, 485
34162, 491
34187, 488
34212, 490
34237, 487
34263, 492
34287, 489
34313, 488
34337, 492
34362, 488
34387, 493
34412, 490
34438, 493
34462, 491
34488, 489
34512, 491
34537, 484
34563, 489
34587, 487
34613, 485
34637, 482
34663, 473
34688, 472
34712, 467
34738, 470
34762, 478
34788, 474
34812, 472
34838, 473
34863, 474
34887, 476
34913, 476
34937, 470
34963, 478
34988, 481
35013, 475
35038, 473
35063, 477
35088, 476
35112, 479
35138, 477
35163, 477
35188, 479
35213, 482
35238, 480
35263, 479
35288, 473
35313, 459
35338, 478
35363, 473
35388, 490
35414, 488
35438, 488
35463, 487
35488, 483
35513, 481
35538, 485
35563, 484
35589, 483
35613, 481
35639, 480
35663, 482
35688, 474
35714, 479
35738, 485
35764, 482
35788, 486
35814, 481
35838, 483
35863, 479
35889, 483
35913, 479
35939, 479
35963, 476
35989, 473
36014, 472
36038, 472
36064, 470
36088, 470
36114, 477
36139, 482
36164, 492
36189, 488
36213, 495
36239, 502
36263, 501
36289, 498
36314, 493
36339, 489
36364, 490
36389, 486
36414, 484
36439, 486
36464, 482
36489, 485
36514, 489
36539, 486
36564, 488
36589, 486
36614, 488
36639, 487
36664, 483
36689, 488
36714, 485
36740, 488
36764, 484
36789, 477
36814, 487
36839, 488
36865, 490
36889, 498
36915, 501
36939, 505
36964, 504
36989, 494
37014, 492
37040, 491
37064, 490
37090, 488
37114, 486
37140, 488
37165, 483
37189, 483
37215, 491
37239, 492
37265, 484
37289, 492
37315, 489
37340, 485
37364, 484
37390, 488
37414, 486
37440, 489
37465, 483
37490, 485
37515, 492
37539, 498
37565, 496
37590, 510
37615, 501
37640, 507
37665, 503
37690, 498
37714, 500
37740, 503
37765, 502
37790, 492
37815, 491
37840, 496
37865, 489
37891, 500
37915, 492
37940, 497
37965, 499
37990, 501
38016, 493
38040, 497
38066, 499
38090, 494
38115, 495
38140, 494
38165, 491
38191, 495
38215, 501
38241, 502
38265, 510
38290, 514
38316, 514
38340, 515
38366, 506
38390, 513
38416, 505
38440, 504
38466, 488
38491, 497
38515, 493
38541, 502
38565, 501
38591, 501
38616, 498
38641, 501
38666, 503
38690, 505
38716, 501
38740, 507
38766, 495
38791, 499
38816, 494
38841, 493
38865, 491
38891, 488
38916, 492
38941, 492
38966, 496
38991, 504
39016, 509
39041, 511
39066, 513
39091, 513
39116, 505
39141, 512
39166, 507
39191, 501
39217, 494
39241, 499
39266, 488
39291, 499
39316, 498
39342, 502
39366, 499
39392, 499
39416, 505
39441, 503
39467, 500
39491, 490
39517, 493
39541, 497
39567, 491
39591, 492
39616, 489
39642, 488
39666, 491
39692, 493
39716, 501
39742, 506
39767, 506
39791, 506
39817, 509
39841, 515
39867, 509
39891, 505
39917, 500
39942, 496
39967, 490
39992, 496
40016, 488
40042, 489
40067, 487
40092, 494
40117, 496
40142, 504
40167, 500
40192, 498
40217, 498
40242, 493
40267, 491
40292, 489
40317, 490
40342, 491
40367, 489
40392, 490
40417, 491
40442, 498
40467, 498
40493, 507
40517, 507
40542, 518
40567, 508
40592, 512
40617, 508
40642, 506
40668, 503
40692, 493
40718, 494
40742, 497
40767, 495
40793, 492
40817, 491
40843, 494
40867, 494
40893, 493
40918, 495
40942, 494
40968, 497
40992, 494
41018, 493
41042, 490
41068, 494
41093, 493
41117, 497
41143, 490
41167, 489
41193, 491
41218, 489
41243, 491
41268, 501
41292, 503
41318, 505
41342, 508
41368, 506
41393, 508
41418, 507
41443, 502
41468, 505
41493, 498
41518, 498
41543, 497
41568, 494
41593, 496
41618, 497
41644, 495
41668, 497
41693, 499
41718, 499
41743, 499
41768, 498
41793, 496
41819, 495
41843, 496
41868, 499
41893, 493
41918, 494
41944, 492
41968, 491
41994, 490
42018, 490
42044, 489
42068, 489
42093, 489
42119, 488
42143, 494
42169, 503
42193, 505
42219, 505
42244, 504
42268, 501
42294, 505
42318, 503
42344, 505
42369, 500
42394, 500
42419, 500
42443, 494
42469, 496
42493, 494
42519, 502
42544, 499
42569, 498
42594, 502
42618, 498
42644, 495
42669, 502
42694, 499
42719, 501
42744, 490
42769, 495
42795, 492
42819, 495
42844, 495
42869, 492
42894, 490
42919, 493
42944, 492
42970, 488
42994, 491
43019, 494
43044, 487
43069, 495
43095, 495
43119, 509
43145, 506
43169, 509
43194, 505
43219, 508
43244, 501
43270, 507
43294, 503
43320, 498
43344, 498
43369, 491
43395, 499
43419, 492
43445, 490
43469, 495
43495, 498
43520, 501
43545, 491
43570, 497
43594, 493
43620, 492
43644, 488
43670, 498
43695, 486
43720, 489
43745, 490
43769, 492
43795, 488
43820, 489
43845, 482
43870, 485
43895, 480
43920, 487
43944, 488
43970, 481
43995, 482
44020, 496
44045, 504
44070, 494
44095, 498
44120, 496
44145, 500
44170, 501
44195, 496
44220, 502
44246, 499
44270, 497
44296, 486
44320, 493
44345, 485
44370, 488
44395, 486
44421, 492
44445, 491
44471, 487
44495, 489
44520, 491
44546, 484
44570, 486
44596, 487
44620, 479
44646, 474
44670, 474
44695, 472
44721, 475
44745, 472
44771, 473
44795, 479
44821, 476
44846, 472
44871, 468
44896, 477
44920, 480
44946, 476
44971, 479
44996, 472
45021, 477
45046, 479
45071, 485
45095, 481
45121, 487
45146, 479
45171, 472
45196, 475
45221, 476
45246, 481
45271, 485
45296, 481
45321, 477
45346, 475
45371, 476
45396, 474
45421, 481
45446, 475
45471, 477
45496, 474
45521, 488
45546, 480
45572, 478
45596, 473
45622, 476
45646, 473
45671, 471
45697, 468
45721, 468
45747, 469
45771, 475
45797, 471
45821, 474
45846, 471
45872, 470
45896, 480
45922, 482
45946, 473
45972, 472
45997, 482
46021, 479
46047, 479
46071, 482
46097, 474
46121, 485
46147, 482
46172, 480
46196, 472
46222, 481
46246, 485
46272, 477
46297, 481
46322, 482
46347, 475
46372, 479
46397, 482
46422, 476
46447, 474
46472, 478
46497, 484
46522, 472
46547, 482
46572, 471
46597, 479
46622, 467
46647, 469
46672, 475
46697, 475
46723, 473
46747, 474
46772, 470
46797, 475
46822, 476
46848, 478
46872, 478
46898, 480
46922, 478
46947, 481
46972, 479
46997, 480
47023, 480
47047, 478
47073, 478
47097, 482
47123, 477
47148, 480
47172, 479
47198, 480
47222, 479
47248, 473
47272, 479
47298, 479
47323, 480
47347, 478
47373, 479
47397, 477
47423, 478
47448, 475
47473, 476
47498, 473
47522, 471
47548, 474
47572, 471
47598, 471
47623, 471
47648, 471
47673, 468
47697, 467
47723, 468
47748, 467
47773, 471
47798, 472
47823, 472
47848, 469
47874, 468
47898, 469
47923, 470
47948, 468
47973, 464
47998, 469
48023, 462
48049, 464
48073, 469
48098, 466
48123, 460
48148, 467
48174, 467
48198, 466
48224, 464
48248, 460
48273, 467
48299, 465
48323, 464
48349, 464
48373, 460
48399, 461
48423, 463
48449, 469
48474, 466
48498, 467
48524, 463
48548, 466
48574, 462
48599, 458
48624, 464
48649, 463
48673, 460
48699, 463
48723, 462
48749, 460
48774, 460
48799, 467
48824, 466
48848, 474
48874, 469
48899, 461
48924, 467
48949, 466
48974, 468
48999, 467
49024, 463
49049, 469
49074, 467
49099, 467
49124, 460
49149, 465
49174, 462
49200, 466
49224, 460
49249, 462
49274, 463
49299, 466
49325, 460
49349, 469
49375, 470
49399, 462
49424, 464
49449, 462
49474, 466
49500, 466
49524, 460
49550, 466
49574, 461
49599, 465
49625, 466
49649, 467
49675, 464
49699, 469
49725, 464
49750, 466
49774, 467
49800, 461
49824, 462
49850, 471
49874, 468
49900, 468
49925, 469
49950, 470
49975, 474
49999, 467
50025, 462
50050, 463
50075, 465
50100, 474
50125, 460
50150, 472
50174, 459
50200, 463
50225, 462
50250, 461
50275, 468
50300, 460
50325, 456
50350, 458
50375, 463
50400, 470
50425, 460
50450, 463
50476, 461
50500, 457
50525, 470
50550, 469
50575, 466
50600, 469
50625, 469
50651, 465
50675, 467
50701, 467
50725, 470
50750, 472
50776, 455
50800, 460
50826, 463
50850, 463
50876, 460
50900, 461
50925, 465
50951, 472
50975, 468
51001, 465
51025, 462
51051, 468
51076, 465
51100, 466
51126, 465
51150, 460
51176, 458
51201, 470
51226, 461
51251, 464
51276, 460
51301, 460
51325, 447
51351, 453
51376, 447
51401, 462
51426, 462
51451, 466
51476, 465
51501, 463
51526, 463
51551, 468
51576, 464
51601, 465
51627, 460
51651, 465
51676, 458
51701, 462
51726, 461
51751, 469
51776, 467
51802, 459
51826, 462
51851, 471
51876, 467
51901, 461
51927, 459
51951, 464
51977, 462
52001, 460
52027, 464
52051, 460
52076, 462
52102, 459
52126, 451
52152, 452
52176, 450
52202, 454
52227, 449
52251, 454
52277, 459
52301, 468
52327, 469
52352, 470
52377, 468
52402, 464
52426, 467
52452, 466
52476, 467
52502, 463
52527, 460
52552, 463
52577, 459
52601, 462
52627, 467
52652, 465
52677, 464
52702, 468
52727, 468
52752, 468
52777, 464
52802, 461
52827, 460
52852, 457
52877, 456
52902, 454
52927, 451
52953, 445
52977, 445
53002, 444
53027, 442
53052, 446
53078, 445
53102, 448
53128, 442
53152, 441
53177, 455
53202, 458
53227, 459
53253, 457
53277, 459
53303, 459
53327, 460
53352, 458
53378, 456
53402, 456
53428, 454
53452, 453
53478, 451
53502, 448
53528, 448
53553, 450
53577, 456
53603, 453
53627, 455
53653, 453
53678, 450
53703, 448
53728, 448
53752, 446
53778, 451
53803, 445
53828, 438
53853, 440
53878, 435
53903, 439
53927, 439
53953, 436
53978, 438
54003, 433
54028, 437
54053, 437
54078, 435
54103, 436
54128, 454
54153, 451
54178, 463
54203, 458
54228, 463
54253, 464
54279, 456
54303, 453
54328, 459
54353, 457
54378, 452
54404, 448
54428, 448
54454, 448
54478, 449
54503, 449
54529, 448
54553, 451
54579, 445
54603, 450
54629, 445
54653, 451
54678, 446
54704, 450
54728, 440
54754, 442
54778, 441
54804, 436
54829, 437
54854, 439
54879, 439
54903, 439
54929, 443
54953, 437
54979, 438
55004, 433
55029, 441
55054, 446
55078, 456
55104, 444
55129, 452
55154, 455
55179, 459
55204, 456
55229, 455
55254, 458
55279, 458
55304, 447
55329, 450
55354, 446
55379, 446
55404, 446
55429, 451
55454, 450
55479, 455
55504, 449
55529, 449
55555, 452
55579, 448
55605, 443
55629, 448
55654, 442
55680, 447
55704, 442
55730, 440
55754, 444
55780, 440
55804, 441
55829, 440
55855, 439
55879, 438
55905, 437
55929, 445
55955, 437
55980, 438
56004, 463
56030, 456
56054, 453
56080, 458
56104, 455
56130, 459
56155, 453
56179, 459
56205, 451
56229, 451
56255, 449
56280, 455
56305, 448
56330, 456
56355, 455
56380, 446
56404, 454
56430, 454
56455, 454
56480, 452
56505, 456
56530, 459
56555, 452
56580, 451
56605, 451
56630, 449
56655, 445
56680, 445
56706, 447
56730, 447
56755, 440
56780, 444
56805, 432
56830, 437
56855, 443
56881, 451
56905, 460
56930, 460
56955, 457
56980, 457
57006, 462
57030, 464
57056, 452
57080, 464
57106, 461
57131, 461
57155, 451
57181, 446
57205, 452
57231, 451
57255, 448
57281, 448
57306, 454
57330, 442
57356, 448
57380, 445
57406, 445
57431, 450
57456, 451
57481, 449
57505, 450
57531, 435
57555, 448
57581, 443
57606, 440
57631, 443
57656, 436
57681, 441
57706, 437
57731, 434
57756, 454
57781, 458
57806, 467
57831, 457
57857, 462
57881, 458
57906, 461
57931, 464
57956, 461
57981, 461
58006, 459
58032, 464
58056, 460
58081, 459
58106, 457
58131, 453
58157, 458
58181, 459
58207, 465
58231, 459
58256, 460
58281, 454
58306, 451
58332, 452
58356, 453
58382, 451
58406, 452
58432, 447
58457, 449
58481, 455
58507, 455
58531, 449
58557, 450
58582, 457
58607, 454
58632, 451
58656, 459
58682, 464
58706, 471
58732, 469
58757, 471
58782, 473
58807, 473
58831, 473
58857, 472
58882, 465
58907, 468
58932, 464
58957, 456
58982, 457
59006, 463
59032, 461
59057, 464
59082, 466
59107, 467
59132, 463
59157, 462
59183, 459
59207, 460
59232, 454
59257, 463
59282, 458
59308, 460
59332, 449
59358, 452
59382, 451
59407, 449
59432, 452
59457, 452
59483, 454
59507, 459
59533, 453
59557, 469
59582, 461
59608, 470
59632, 472
59658, 462
59682, 464
59708, 473
59732, 465
59757, 461
59783, 461
59807, 464
59833, 455
59857, 452
59883, 453
59908, 454
59933, 455
59958, 457
59982, 462
60008, 455
60033, 459
60058, 461
60083, 449
60108, 455
60133, 453
60157, 454
60183, 454
60208, 447
60233, 447
60258, 444
60283, 442
60308, 447
60333, 442
60358, 446
60383, 455
60408, 460
60433, 463
60459, 458
60483, 464
60508, 460
60533, 461
60558, 464
60583, 468
60608, 458
60634, 450
60658, 448
60684, 435
60708, 444
60733, 439
60759, 446
60783, 450
60809, 453
60833, 449
60859, 444
60883, 449
60908, 448
60934, 445
60958, 443
60984, 442
61008, 447
61034, 443
61059, 439
61083, 442
61109, 436
61133, 436
61159, 432
61184, 430
61209, 432
61234, 447
61259, 455
61284, 458
61308, 460
61334, 454
61359, 456
61384, 453
61409, 456
61434, 456
61459, 454
61484, 452
61509, 445
61534, 442
61559, 444
61584, 447
61609, 451
61634, 449
61659, 454
61684, 454
61709, 453
61734, 452
61759, 455
61785, 444
61809, 440
61834, 441
61859, 438
61884, 439
61910, 440
61934, 434
61960, 439
61984, 432
62010, 434
62034, 434
62059, 434
62085, 431
62109, 449
62135, 452
62159, 464
62185, 454
62210, 462
62234, 454
62260, 458
62284, 455
62310, 458
62334, 459
62360, 454
62385, 450
62409, 443
62435, 443
62459, 447
62485, 444
62510, 449
62535, 447
62560, 452
62584, 455
62610, 454
62635, 443
62660, 449
62685, 445
62710, 451
62735, 445
62760, 446
62785, 444
62810, 448
62835, 435
62860, 438
62885, 438
62910, 437
62936, 439
62960, 434
62985, 439
63010, 450
63035, 462
63060, 467
63085, 471
63111, 471
63135, 470
63160, 466
63185, 469
63210, 469
63236, 472
63260, 470
63286, 457
63310, 462
63335, 462
63361, 460
63385, 462
63411, 464
63435, 463
63461, 463
63485, 464
63511, 464
63536, 467
63560, 464
63586, 460
63610, 453
63636, 457
63661, 454
63686, 455
63711, 449
63735, 447
63761, 444
63785, 444
63811, 441
63836, 457
63861, 469
63886, 471
63910, 470
63936, 473
63961, 475
63986, 475
64011, 475
64036, 474
64061, 472
64087, 466
64111, 463
64136, 459
64161, 462
64186, 462
64211, 460
64236, 462
64262, 465
64286, 466
64311, 465
64336, 467
64361, 466
64387, 464
64411, 462
64437, 459
64461, 459
64486, 461
64512, 451
64536, 448
64562, 444
64586, 447
64612, 438
64636, 442
64661, 455
64687, 471
64711, 473
64737, 477
64761, 474
64787, 477
64812, 475
64837, 473
64862, 477
64886, 477
64912, 472
64936, 467
64962, 466
64987, 464
65012, 463
65037, 462
65061, 465
65087, 469
65112, 467
65137, 467
65162, 471
65187, 467
65212, 468
65236, 464
65262, 464
65287, 458
65312, 462
65337, 459
65362, 459
65387, 460
65412, 454
65437, 457
65462, 457
65487, 458
65512, 461
65538, 475
65562, 473
65588, 472
65612, 471
65637, 477
65662, 474
65687, 478
65713, 470
65737, 474
65763, 468
65787, 477
65812, 465
65838, 466
65862, 464
65888, 470
65912, 467
65938, 465
65963, 469
65987, 468
66013, 472
66037, 472
66063, 462
66087, 470
66113, 461
66138, 467
66162, 456
66188, 463
66212, 451
66238, 453
66263, 459
66288, 455
66313, 454
66338, 455
66363, 451
66387, 466
66413, 471
66438, 474
66463, 468
66488, 475
66513, 469
66538, 475
66563, 476
66588, 473
66613, 474
66638, 473
66663, 461
66689, 464
66713, 457
66738, 462
66763, 459
66788, 462
66813, 472
66838, 477
66864, 469
66888, 473
66913, 470
66938, 474
66963, 466
66989, 467
67013, 466
67039, 458
67063, 456
67089, 469
67113, 466
67138, 463
67164, 461
67188, 474
67214, 474
67238, 480
67264, 479
67289, 480
67313, 479
67339, 481
67363, 471
67389, 482
67414, 475
67439, 476
67464, 466
67488, 466
67514, 464
67538, 473
67564, 474
67589, 474
67614, 472
67639, 480
67664, 471
67689, 465
67714, 466
67739, 465
67764, 463
67789, 471
67814, 460
67840, 462
67864, 464
67889, 458
67914, 456
67939, 461
67964, 475
67989, 471
68015, 476
68039, 477
68064, 480
68089, 475
68114, 472
68140, 477
68164, 477
68190, 474
68214, 468
68239, 472
68264, 474
68289, 467
68315, 468
68339, 471
68365, 472
68389, 473
68415, 478
68440, 474
68464, 480
68490, 469
68514, 471
68540, 470
68564, 463
68590, 468
68615, 466
68639, 465
68665, 461
68689, 464
68715, 468
68740, 467
68765, 479
68790, 473
68814, 473
68840, 476
68865, 475
68890, 477
68915, 473
68940, 471
68965, 477
68989, 472
69015, 476
69040, 468
69065, 471
69090, 467
69115, 468
69140, 472
69166, 472
69190, 476
69215, 476
69240, 476
69265, 471
69291, 469
69315, 468
69341, 466
69365, 468
69390, 466
69415, 467
69440, 463
69466, 465
69490, 466
69516, 465
69540, 469
69565, 465
69591, 479
69615, 473
69641, 476
69665, 478
69691, 477
69715, 479
69740, 476
69766, 480
69790, 480
69816, 479
69840, 477
69866, 469
69891, 469
69916, 477
69941, 473
69965, 470
69991, 469
70016, 470
70041, 473
70066, 470
70091, 471
70116, 475
70140, 476
70166, 476
70191, 467
70216, 472
70241, 468
70266, 473
70291, 463
70316, 467
70341, 469
70366, 469
70391, 467
70416, 472
70441, 466
70466, 477
70492, 477
70516, 482
70541, 479
70566, 476
70591, 477
70617, 476
70641, 478
70667, 476
70691, 481
70716, 472
70742, 469
70766, 473
70792, 473
70816, 474
70842, 473
70866, 471
70891, 473
70917, 470
70941, 469
70967, 473
70991, 471
71017, 472
71042, 470
71066, 465
71092, 463
71116, 465
71142, 467
71166, 470
71192, 462
71217, 469
71242, 469
71267, 471
71291, 469
71317, 477
71342, 471
71367, 472
71392, 480
71417, 481
71442, 477
71467, 472
71492, 482
71517, 474
71542, 474
71567, 469
71592, 469
71617, 468
71642, 468
71667, 461
71692, 467
71717, 469
71742, 469
71768, 472
71792, 468
71817, 468
71842, 476
71867, 471
71892, 461
71917, 469
71943, 462
71967, 463
71993, 462
72017, 461
72042, 462
72068, 464
72092, 465
72118, 462
72142, 465
72168, 478
72193, 472
72217, 478
72243, 484
72267, 478
72293, 479
72317, 471
72343, 482
72368, 478
72392, 468
72418, 467
72442, 461
72468, 467
72493, 460
72518, 470
72543, 465
72567, 470
72593, 469
72617, 468
72643, 468
72668, 472
72693, 469
72718, 469
72743, 465
72768, 465
72793, 465
72818, 465
72843, 460
72868, 463
72893, 463
72919, 467
72943, 468
72968, 464
72993, 469
73018, 476
73043, 474
73068, 475
73094, 478
73118, 481
73143, 473
73168, 476
73193, 478
73219, 477
73243, 473
73269, 467
73293, 467
73318, 460
73344, 465
73368, 463
73394, 466
73418, 471
73444, 464
73468, 474
73494, 470
73519, 464
73543, 469
73569, 463
73593, 460
73619, 460
73644, 467
73669, 467
73694, 465
73718, 466
73744, 463
73768, 464
73794, 465
73819, 472
73844, 474
73869, 474
73893, 480
73919, 480
73944, 478
73969, 477
73994, 481
74019, 477
74044, 478
74070, 465
74094, 467
74119, 462
74144, 461
74169, 461
74194, 471
74219, 469
74245, 472
74269, 473
74294, 474
74319, 469
74344, 469
74370, 467
74394, 466
74420, 467
74444, 466
74469, 466
74494, 467
74519, 466
74545, 471
74569, 480
74595, 480
74619, 479
74644, 478
74670, 480
74694, 477
74720, 480
74744, 480
74770, 478
74795, 476
74820, 476
74845, 472
74869, 471
74895, 473
74919, 473
74945, 478
74970, 477
74995, 480
75020, 476
75044, 479
75070, 478
75095, 470
75120, 472
75145, 469
75170, 469
75195, 465
75219, 466
75245, 468
75270, 465
75295, 464
75320, 476
75345, 482
75370, 476
75395, 480
75420, 483
75445, 480
75470, 480
75495, 483
75521, 483
75545, 479
75571, 481
75595, 480
75620, 475
75645, 468
75670, 471
75696, 478
75720, 481
75746, 474
75770, 473
75795, 479
75821, 475
75845, 485
75871, 478
75895, 475
75921, 468
75945, 473
75970, 471
75996, 471
76020, 463
76046, 470
76070, 462
76096, 466
76121, 472
76145, 475
76171, 483
76195, 480
76221, 483
76246, 487
76271, 479
76296, 488
76321, 485
76346, 481
76370, 490
76396, 488
76421, 483
76446, 480
76471, 476
76496, 483
76521, 472
76546, 488
76571, 482
76596, 485
76621, 483
76646, 484
76672, 479
76696, 478
76721, 482
76746, 475
76771, 476
76796, 475
76821, 469
76847, 476
76871, 475
76897, 479
76921, 471
76946, 472
76972, 471
76996, 480
77022, 467
77046, 486
77072, 487
77096, 483
77121, 485
77147, 488
77171, 489
77197, 486
77221, 486
77247, 480
77272, 486
77296, 488
77322, 479
77346, 483
77372, 477
77396, 477
77422, 483
77447, 486
77471, 480
77497, 488
77521, 484
77547, 488
77572, 487
77597, 484
77622, 473
77647, 481
77672, 477
77697, 482
77722, 476
77747, 474
77772, 472
77797, 482
77822, 480
77847, 481
77872, 468
77897, 477
77922, 471
77947, 477
77972, 477
77998, 486
78022, 482
78047, 481
78072, 488
78097, 483
78123, 492
78147, 490
78173, 484
78197, 481
78222, 486
78247, 486
78272, 480
78298, 475
78322, 482
78348, 488
78372, 487
78398, 486
78423, 485
78447, 486
78473, 487
78497, 485
78523, 484
78547, 481
78573, 484
78598, 480
78622, 475
78648, 477
78672, 473
78698, 473
78723, 483
78748, 472
78773, 480
78797, 474
78823, 475
78848, 482
78873, 489
78898, 493
78923, 494
78948, 491
78972, 495
78998, 486
79023, 490
79048, 492
79073, 492
79098, 491
79123, 486
79149, 483
79173, 485
79198, 483
79223, 484
79248, 488
79273, 487
79298, 487
79324, 491
79348, 483
79373, 489
79398, 490
79423, 487
79449, 483
79473, 480
79499, 479
79523, 482
79548, 483
79574, 483
79598, 474
79624, 473
79648, 478
79674, 474
79698, 479
79723, 481
79749, 490
79773, 493
79799, 491
79823, 488
79849, 492
79874, 492
79899, 491
79924, 493
79948, 496
79974, 488
79998, 490
80024, 485
80049, 484
80074, 484
80099, 485
80123, 492
80149, 492
80174, 494
80199, 491
80224, 490
80249, 492
80274, 488
80299, 486
80324, 485
80349, 485
80374, 480
80399, 480
80424, 480
80449, 478
80475, 479
80499, 473
80524, 476
80549, 475
80574, 475
80600, 476
80624, 477
80650, 485
80674, 488
80699, 489
80724, 489
80749, 494
80775, 493
80799, 492
80825, 491
80849, 491
80874, 493
80900, 490
80924, 494
80950, 483
80974, 484
81000, 485
81025, 489
81049, 491
81075, 495
81099, 491
81125, 492
81149, 489
81175, 493
81200, 489
81225, 489
81250, 488
81274, 486
81300, 480
81325, 483
81350, 484
81375, 482
81400, 474
81425, 480
81449, 474
81475, 482
81500, 477
81525, 479
81550, 480
81575, 479
81600, 490
81625, 493
81650, 490
81675, 493
81700, 489
81725, 491
81751, 494
81775, 496
81800, 500
81825, 493
81850, 493
81875, 490
81900, 483
81926, 488
81950, 482
81976, 484
82000, 488
82025, 493
82051, 485
82075, 489
82101, 492
82125, 493
82151, 482
82176, 487
82200, 482
82226, 484
82250, 481
82276, 474
82300, 478
82326, 478
82351, 475
82375, 481
82401, 476
82425, 480
82451, 471
82476, 480
82501, 476
82526, 495
82550, 490
82576, 495
82600, 490
82626, 495
82651, 487
82676, 488
82701, 488
82726, 488
82751, 493
82776, 481
82801, 490
82826, 477
82851, 482
82876, 485
82902, 475
82926, 486
82951, 488
82976, 489
83001, 491
83026, 489
83051, 480
83077, 483
83101, 485
83126, 481
83151, 480
83176, 476
83202, 471
83226, 483
83252, 480
83276, 479
83302, 477
83326, 479
83351, 478
83377, 493
83401, 488
83427, 491
83451, 493
83477, 496
83502, 492
83526, 495
83552, 489
83576, 496
83602, 497
83627, 493
83652, 487
83677, 483
83701, 479
83727, 482
83751, 486
83777, 486
83802, 487
83827, 490
83852, 486
83876, 490
83902, 484
83927, 476
83952, 483
83977, 475
84002, 485
84027, 481
84052, 479
84077, 477
84102, 476
84127, 472
84152, 482
84177, 479
84202, 472
84228, 493
84252, 490
84277, 488
84302, 496
84327, 487
84353, 498
84377, 499
84403, 497
84427, 496
84452, 499
84477, 498
84502, 496
84528, 496
84552, 492
84578, 495
84602, 497
84627, 499
84653, 501
84677, 499
84703, 505
84727, 502
84753, 502
84777, 499
84803, 489
84828, 490
84852, 493
84878, 487
84902, 494
84928, 497
84953, 492
84978, 490
85003, 491
85027, 489
85053, 491
85078, 495
85103, 498
85128, 501
85153, 497
85178, 493
85202, 498
85228, 495
85253, 501
85278, 504
85303, 503
85328, 504
85353, 500
85378, 506
85403, 507
85428, 506
85453, 504
85478, 504
85504, 506
85528, 503
85554, 506
85578, 503
85603, 504
85628, 502
85653, 503
85679, 504
85703, 502
85729, 500
85753, 495
85778, 498
85804, 500
85828, 495
85854, 495
85878, 497
85904, 493
85928, 500
85953, 503
85979, 502
86003, 501
86029, 502
86053, 498
86079, 502
86104, 503
86128, 503
86154, 503
86178, 501
86204, 505
86228, 505
86254, 503
86279, 506
86304, 506
86329, 506
86353, 506
86379, 509
86404, 508
86429, 509
86454, 507
86479, 500
86504, 503
86529, 505
86554, 501
86579, 503
86604, 498
86629, 496
86654, 500
86679, 496
86704, 502
86729, 509
86754, 505
86779, 496
86804, 497
86830, 504
86854, 502
86880, 497
86904, 504
86929, 500
86955, 498
86979, 502
87005, 511
87029, 499
87055, 508
87079, 505
87104, 508
87130, 500
87154, 505
87180, 504
87204, 506
87230, 505
87255, 511
87279, 507
87305, 506
87329, 503
87355, 503
87379, 502
87405, 504
87430, 496
87454, 505
87480, 492
87504, 504
87530, 506
87555, 498
87580, 503
87605, 505
87630, 496
87655, 504
87680, 503
87705, 501
87730, 502
87755, 501
87780, 507
87805, 497
87830, 501
87855, 504
87880, 501
87905, 506
87930, 506
87955, 509
87981, 501
88005, 504
88030, 501
88055, 503
88080, 500
88105, 501
88130, 501
88156, 504
88180, 501
88205, 502
88230, 506
88255, 497
88281, 491
88305, 499
88331, 499
88355, 496
88381, 499
88406, 495
88430, 497
88456, 489
88480, 486
88506, 492
88530, 487
88556, 483
88581, 486
88605, 481
88631, 491
88655, 488
88681, 487
88706, 484
88731, 483
88756, 487
88780, 486
88806, 490
88830, 486
88856, 489
88881, 493
88906, 482
88931, 490
88955, 489
88981, 483
89006, 484
89031, 480
89056, 477
89081, 481
89106, 486
89132, 483
89156, 483
89181, 488
89206, 486
89231, 486
89256, 490
89281, 484
89307, 479
89331, 486
89356, 486
89381, 492
89406, 488
89432, 494
89456, 482
89482, 493
89506, 492
89531, 498
89556, 491
89581, 495
89607, 495
89631, 492
89657, 493
89681, 490
89707, 490
89732, 486
89756, 490
89782, 489
89806, 488
89832, 494
89857, 482
89882, 491
89907, 486
89931, 492
89957, 483
89981, 482
90007, 473
90032, 484
90057, 484
90082, 481
90106, 479
90132, 484
90157, 477
90182, 479
90207, 479
90232, 489
90257, 486
90281, 485
90307, 489
90332, 487
90357, 484
90382, 483
90407, 482
90432, 479
90458, 481
90482, 489
90507, 484
90532, 483
90557, 486
90583, 489
90607, 489
90633, 494
90657, 490
90682, 488
90707, 489
90732, 486
90758, 491
90782, 484
90808, 482
90832, 483
90857, 483
90883, 481
90907, 481
90933, 483
90957, 482
90983, 482
91008, 479
91032, 486
91058, 481
91082, 485
91108, 485
91132, 479
91158, 483
91183, 484
91208, 484
91233, 483
91257, 482
91283, 481
91308, 483
91333, 482
91358, 481
91383, 479
91408, 482
91432, 480
91458, 479
91483, 480
91508, 480
91533, 482
91558, 478
91583, 481
91608, 484
91633, 480
91658, 482
91683, 482
91708, 481
91734, 483
91758, 481
91783, 481
91808, 478
91833, 481
91858, 476
91883, 476
91909, 479
91933, 476
91959, 478
91983, 487
92008, 483
92034, 489
92058, 482
92084, 478
92108, 484
92134, 485
92158, 482
92183, 482
92209, 482
92233, 478
92259, 478
92283, 478
92309, 477
92334, 482
92358, 476
92384, 482
92408, 480
92434, 481
92459, 477
92484, 483
92509, 480
92533, 475
92559, 471
92583, 474
92609, 477
92634, 471
92659, 473
92684, 471
92709, 475
92734, 472
92759, 473
92784, 475
92809, 474
92834, 470
92859, 472
92884, 473
92909, 471
92934, 469
92959, 477
92984, 480
93009, 478
93034, 484
93060, 480
93084, 478
93109, 484
93134, 485
93159, 480
93185, 492
93209, 483
93235, 486
93259, 480
93285, 478
93309, 481
93334, 475
93360, 478
93384, 481
93410, 479
93434, 483
93460, 476
93485, 485
93509, 481
93535, 481
93559, 477
93585, 481
93609, 475
93635, 476
93660, 471
93684, 476
93710, 474
93734, 472
93760, 471
93785, 471
93810, 476
93835, 473
93859, 472
93885, 472
93910, 470
93935, 472
93960, 484
93985, 485
94010, 483
94035, 477
94060, 482
94085, 489
94110, 485
94135, 483
94160, 485
94185, 481
94211, 479
94235, 473
94260, 473
94285, 472
94310, 478
94336, 475
94360, 470
94386, 474
94410, 472
94435, 479
94460, 470
94485, 473
94511, 471
94535, 466
94561, 467
94585, 469
94610, 467
94636, 466
94660, 471
94686, 469
94710, 469
94736, 470
94760, 470
94786, 466
94811, 466
94835, 469
94861, 487
94885, 488
94911, 484
94936, 482
94961, 489
94986, 490
95010, 480
95036, 486
95060, 479
95086, 479
95111, 471
95136, 475
95161, 470
95185, 472
95211, 478
95236, 473
95261, 476
95286, 481
95311, 471
95336, 481
95361, 478
95386, 473
95411, 475
95436, 472
95461, 470
95486, 476
95511, 473
95537, 466
95561, 473
95586, 467
95611, 468
95636, 471
95662, 468
95686, 472
95712, 465
95736, 482
95761, 479
95787, 487
95811, 486
95837, 489
95861, 488
95887, 485
95911, 485
95936, 486
95962, 484
95986, 485
96012, 477
96036, 471
96062, 480
96087, 478
96112, 477
96137, 482
96161, 479
96187, 477
96211, 478
96237, 475
96262, 479
96287, 477
96312, 478
96336, 479
96362, 472
96387, 474
96412, 474
96437, 475
96462, 471
96487, 472
96512, 470
96537, 473
96562, 473
96587, 475
96612, 477
96637, 483
96662, 485
96687, 488
96712, 485
96737, 486
96762, 486
96787, 487
96813, 483
96837, 487
96863, 480
96887, 478
96912, 474
96937, 471
96962, 475
96988, 475
97012, 476
97038, 474
97062, 476
97087, 475
97113, 475
97137, 476
97163, 474
97187, 476
97213, 476
97238, 474
97262, 473
97288, 473
97312, 473
97338, 470
97362, 469
97388, 471
97413, 473
97437, 473
97463, 470
97487, 466
97513, 477
97538, 480
97563, 486
97588, 487
97613, 488
97638, 485
97662, 487
97688, 489
97713, 486
97738, 486
97763, 482
97788, 475
97813, 476
97838, 476
97863, 473
97888, 475
97913, 479
97938, 476
97964, 473
97988, 474
98013, 473
98038, 475
98063, 479
98088, 476
98113, 478
98139, 472
98163, 475
98188, 473
98213, 474
98238, 472
98264, 472
98288, 475
98314, 470
98338, 468
98364, 476
98388, 481
98413, 484
98439, 483
98463, 487
98489, 480
98513, 480
98539, 487
98564, 486
98588, 485
98614, 478
98638, 477
98664, 478
98689, 475
98714, 473
98739, 476
98763, 475
98789, 476
98813, 479
98839, 476
98864, 474
98889, 474
98914, 477
98938, 473
98964, 474
98989, 470
99014, 478
99039, 475
99064, 472
99089, 471
99115, 478
99139, 483
99164, 492
99189, 482
99214, 487
99239, 486
99264, 483
99290, 487
99314, 490
99339, 486
99364, 489
99389, 480
99415, 481
99439, 479
99465, 480
99489, 474
99514, 478
99539, 474
99564, 476
99590, 473
99614, 477
99640, 472
99664, 476
99690, 474
99715, 476
99739, 475
99765, 475
99789, 472
99815, 474
99840, 469
99865, 484
99890, 474
99914, 481
99940, 489
99964, 484
99990, 479
100015, 485
100042, 483
100069, 483
100097, 482
100123, 476
100150, 472
100177, 476
100204, 481
100232, 475
100258, 479
100286, 479
100313, 478
100340, 474
100367, 480
100395, 480
100421, 479
100449, 475
100475, 476
100503, 476
100530, 474
100557, 473
100584, 473
100611, 473
100638, 476
100665, 481
100692, 486
100719, 485
100747, 486
100773, 483
100801, 483
100828, 485
100855, 482
100882, 487
100910, 476
100936, 477
100964, 473
100990, 475
101018, 474
101045, 477
101071, 478
101099, 477
101126, 474
101153, 472
101180, 477
101208, 470
101234, 472
101262, 475
101288, 465
101316, 472
101343, 473
101370, 471
101397, 477
101425, 465
101451, 473
101479, 473
101506, 479
101532, 481
101560, 476
101586, 484
101614, 486
101641, 482
101668, 484
101695, 485
101723, 478
101749, 481
101777, 472
101804, 471
101831, 471
101858, 475
101885, 472
101912, 470
101939, 479
101966, 474
101993, 474
102021, 473
102047, 474
102075, 474
102102, 471
102129, 472
102156, 475
102183, 473
102210, 473
102238, 473
102264, 472
102292, 472
102319, 474
102346, 468
102373, 474
102400, 483
102427, 484
102454, 481
102481, 489
102508, 486
102536, 486
102562, 482
102590, 479
102617, 481
102644, 474
102671, 476
102699, 477
102725, 477
102753, 474
102779, 481
102807, 478
102834, 475
102860, 481
102888, 478
102915, 474
102942, 476
102969, 475
102996, 475
103023, 476
103051, 474
103077, 474
103105, 467
103132, 471
103159, 470
103186, 470
103214, 467
103240, 470
103268, 469
103294, 476
103321, 481
103349, 485
103375, 484
103403, 480
103430, 478
103457, 486
103484, 482
103512, 479
103538, 476
103566, 474
103592, 476
103620, 476
103647, 478
103674, 477
103701, 476
103728, 476
103755, 478
103782, 470
103810, 476
103836, 475
103864, 473
103890, 470
103918, 467
103945, 476
103972, 469
103999, 467
104027, 475
104053, 468
104081, 470
104108, 469
104135, 474
104162, 477
104188, 478
104216, 480
104243, 487
104270, 484
104297, 480
104325, 484
104351, 487
104379, 478
104406, 477
104433, 470
104460, 478
104487, 475
104514, 475
104542, 473
104568, 479
104596, 478
104623, 480
104649, 469
104677, 473
104704, 467
104731, 473
104758, 474
104785, 470
104812, 475
104840, 474
104866, 471
104894, 474
104921, 470
104948, 473
104975, 484
105003, 477
105029, 485
105057, 484
105083, 483
105110, 489
105138, 479
105164, 483
105192, 482
105219, 476
105246, 481
105273, 472
105300, 478
105327, 479
105355, 469
105381, 479
105409, 477
105436, 474
105463, 472
105490, 476
105517, 479
105544, 482
105571, 470
105598, 476
105625, 474
105653, 474
105679, 472
105707, 474
105734, 476
105761, 470
105788, 484
105816, 481
105842, 485
105870, 487
105896, 486
105924, 489
105951, 480
105977, 481
106005, 486
106032, 484
106059, 478
106086, 474
106114, 480
106140, 475
106168, 481
106194, 477
106222, 478
106249, 479
106276, 479
106303, 475
106331, 472
106357, 472
106385, 475
106412, 472
106438, 474
106466, 475
106492, 479
106520, 476
106547, 475
106574, 478
106601, 476
106629, 480
106655, 482
106683, 482
106710, 486
106737, 485
106764, 485
106791, 484
106818, 483
106846, 489
106872, 477
106899, 475
106927, 478
106953, 473
106981, 479
107008, 475
107035, 479
107062, 477
107089, 477
107116, 478
107144, 480
107170, 476
107198, 475
107225, 472
107252, 478
107279, 478
107305, 480
107333, 476
107360, 473
107387, 476
107414, 476
107442, 487
107468, 475
107496, 485
107523, 488
107550, 479
107577, 483
107604, 480
107631, 478
107659, 482
107685, 477
107713, 474
107740, 479
107766, 475
107794, 477
107821, 475
107848, 480
107875, 476
107902, 481
107929, 477
107957, 475
107983, 479
108011, 479
108038, 476
108065, 473
108092, 471
108120, 478
108146, 482
108174, 487
108200, 487
108227, 483
108255, 487
108281, 484
108309, 484
108336, 480
108363, 472
108390, 476
108418, 473
108444, 475
108472, 471
108498, 473
108526, 478
108553, 472
108580, 474
108607, 471
108635, 471
108661, 474
108688, 476
108716, 470
108742, 471
108770, 471
108796, 466
108824, 470
108851, 476
108878, 476
108905, 478
108933, 478
108959, 481
108987, 481
109014, 483
109041, 484
109068, 492
109095, 486
109122, 483
109149, 481
109176, 475
109203, 480
109231, 477
109257, 482
109285, 484
109312, 481
109339, 487
109366, 480
109393, 476
109420, 474
109448, 477
109474, 477
109502, 473
109529, 475
109555, 478
109583, 472
109609, 479
109637, 481
109664, 487
109691, 485
109718, 484
109746, 483
109772, 484
109800, 476
109827, 478
109854, 482
109881, 482
109908, 478
109935, 477
109963, 476
109989, 483
110016, 473
110044, 476
110070, 487
110098, 479
110125, 484
110152, 482
110179, 481
110206, 477
110233, 475
110261, 473
110287, 475
110315, 473
110342, 479
110369, 473
110396, 476
110424, 475
110450, 474
110477, 475
110504, 473
110531, 476
110559, 488
110585, 485
110613, 482
110640, 484
110667, 486
110694, 481
110722, 483
110748, 478
110776, 474
110802, 483
110830, 474
110857, 471
110884, 482
110911, 482
110938, 480
110965, 476
110992, 481
111020, 480
111046, 483
111074, 477
111100, 474
111128, 480
111155, 479
111182, 470
111209, 479
111237, 476
111263, 471
111291, 475
111318, 469
111344, 473
111372, 473
111398, 467
111426, 469
111453, 473
111480, 468
111507, 477
111535, 483
111561, 480
111589, 482
111616, 478
111643, 487
111670, 483
111697, 477
111724, 478
111752, 477
111778, 478
111805, 479
111833, 471
111859, 475
111887, 480
111913, 477
111941, 476
111968, 482
111995, 478
112022, 482
112050, 476
112076, 474
112104, 478
112131, 467
112158, 469
112185, 470
112212, 443
112239, 438
112266, 436
112293, 438
112320, 444
112348, 437
112374, 439
112402, 440
112429, 439
112456, 442
112483, 443
112510, 443
112537, 440
112565, 450
112591, 448
112619, 451
112646, 447
112673, 452
112700, 442
112727, 439
112754, 440
112781, 433
112808, 440
112835, 441
112863, 450
112889, 448
112917, 443
112944, 447
112971, 438
112998, 440
113026, 439
113052, 443
113080, 441
113106, 446
113133, 436
113161, 436
113187, 440
113215, 435
113242, 437
113269, 439
113296, 439
113324, 442
113350, 441
113378, 441
113404, 456
113432, 442
113459, 448
113486, 448
113513, 449
113541, 450
113567, 449
113594, 445
113622, 448
113648, 442
113676, 438
113702, 445
113730, 444
113757, 444
113784, 443
113811, 439
113839, 440
113865, 437
113893, 441
113920, 445
113947, 43