0, 501
0, 509
1, 505
1, 507
1, 506
2, 502
2, 500
2, 505
14, 507
32, 502
52, 504
70, 506
89, 503
108, 503
129, 500
149, 505
171, 504
191, 503
212, 503
233, 501
253, 494
275, 499
295, 498
316, 496
337, 503
358, 495
378, 497
400, 496
420, 505
442, 498
462, 505
483, 501
504, 505
525, 505
545, 502
567, 504
587, 509
608, 504
629, 505
650, 508
671, 503
692, 501
712, 501
734, 505
754, 506
775, 502
796, 504
817, 504
837, 506
859, 507
879, 502
900, 501
921, 506
942, 503
963, 506
984, 505
1004, 504
1028, 505
1050, 500
1073, 498
1096, 494
1119, 499
1142, 501
1165, 493
1187, 506
1211, 506
1233, 506
1257, 504
1280, 503
1302, 505
1326, 505
1348, 504
1372, 508
1394, 508
1417, 505
1440, 503
1463, 503
1486, 503
1509, 502
1531, 505
1555, 507
1577, 503
1601, 504
1624, 504
1646, 496
1670, 501
1692, 504
1716, 506
1738, 501
1761, 499
1784, 505
1807, 501
1830, 504
1853, 500
1875, 504
1899, 496
1922, 501
1945, 502
1968, 499
1990, 499
2014, 489
2036, 500
2060, 502
2082, 509
2105, 505
2128, 501
2151, 500
2174, 505
2197, 500
2220, 510
2243, 504
2266, 504
2289, 500
2312, 503
2334, 506
2358, 502
2380, 503
2404, 506
2426, 501
2449, 503
2472, 503
2495, 505
2519, 506
2541, 504
2564, 503
2587, 509
2610, 501
2633, 505
2656, 499
2678, 501
2702, 499
2724, 505
2748, 496
2770, 500
2793, 497
2817, 500
2839, 499
2862, 498
2885, 501
2908, 502
2931, 501
2954, 503
2976, 495
3000, 503
3022, 504
3046, 497
3068, 504
3091, 504
3115, 500
3137, 501
3161, 505
3183, 502
3206, 503
3229, 497
3252, 502
3275, 503
3298, 499
3320, 509
3344, 499
3366, 500
3390, 507
3412, 502
3435, 506
3459, 499
3481, 503
3505, 503
3527, 500
3550, 501
3573, 498
3596, 495
3619, 491
3642, 495
3664, 501
3688, 503
3710, 501
3734, 500
3757, 504
3779, 504
3803, 502
3825, 498
3849, 505
3871, 501
3894, 499
3917, 502
3940, 505
3963, 501
3986, 500
4008, 500
4032, 505
4055, 508
4078, 496
4101, 507
4123, 505
4147, 500
4169, 508
4193, 505
4215, 502
4238, 500
4261, 503
4284, 507
4307, 501
4330, 506
4353, 502
4376, 498
4399, 500
4422, 498
4445, 497
4467, 493
4491, 497
4513, 497
4537, 500
4559, 498
4582, 506
4605, 507
4628, 500
4651, 505
4674, 509
4697, 501
4720, 503
4743, 500
4765, 509
4789, 505
4811, 503
4835, 505
4857, 498
4880, 505
4903, 506
4926, 503
4950, 499
4972, 504
4995, 507
5018, 501
5041, 504
5064, 504
5087, 500
5109, 502
5133, 504
5155, 502
5179, 506
5201, 504
5224, 501
5248, 500
5270, 505
5294, 498
5316, 501
5339, 495
5362, 496
5385, 501
5408, 494
5431, 497
5453, 499
5477, 501
5499, 504
5523, 504
5545, 506
5568, 503
5592, 504
5614, 505
5638, 505
5660, 495
5683, 506
5706, 502
5729, 503
5752, 507
5775, 500
5797, 504
5821, 502
5843, 499
5867, 497
5890, 504
5912, 504
5936, 506
5958, 500
5982, 502
6004, 504
6027, 504
6050, 505
6073, 495
6096, 495
6119, 491
6141, 494
6165, 504
6188, 503
6211, 496
6234, 498
6256, 498
6280, 496
6302, 491
6326, 492
6348, 496
6371, 499
6394, 501
6417, 496
6440, 500
6463, 500
6486, 499
6509, 498
6532, 494
6554, 499
6578, 498
6600, 506
6624, 498
6646, 501
6669, 502
6692, 502
6715, 501
6738, 499
6761, 497
6784, 506
6807, 497
6830, 500
6853, 499
6876, 498
6898, 497
6922, 500
6944, 494
6968, 495
6990, 494
7013, 491
7036, 500
7059, 499
7083, 489
7105, 493
7128, 487
7151, 492
7174, 486
7197, 492
7220, 497
7242, 494
7266, 492
7288, 498
7312, 503
7334, 492
7357, 497
7380, 499
7403, 497
7427, 503
7449, 501
7472, 502
7495, 496
7518, 503
7541, 502
7564, 501
7586, 502
7610, 507
7632, 503
7656, 500
7678, 501
7701, 499
7725, 507
7747, 497
7771, 496
7793, 492
7816, 489
7839, 484
7862, 488
7885, 487
7908, 486
7930, 498
7954, 494
7976, 489
8000, 496
8023, 496
8045, 494
8069, 500
8091, 494
8115, 494
8137, 498
8160, 499
8183, 494
8206, 497
8229, 500
8252, 500
8274, 493
8298, 501
8321, 498
8343, 498
8367, 501
8389, 500
8413, 503
8435, 502
8458, 502
8481, 505
8504, 502
8527, 501
8550, 499
8572, 496
8596, 498
8619, 501
8642, 501
8665, 501
8687, 492
8711, 490
8733, 496
8757, 489
8779, 484
8802, 487
8825, 499
8848, 492
8871, 494
8894, 497
8916, 489
8940, 495
8963, 496
8986, 493
9009, 497
9031, 498
9055, 497
9077, 499
9101, 496
9123, 503
9146, 504
9169, 503
9192, 503
9216, 500
9238, 502
9261, 496
9284, 502
9307, 499
9330, 501
9353, 500
9375, 503
9399, 496
9421, 504
9445, 503
9467, 499
9490, 500
9513, 501
9536, 496
9560, 493
9582, 489
9605, 491
9628, 490
9651, 489
9674, 486
9697, 487
9719, 495
9743, 490
9765, 500
9789, 493
9811, 488
9834, 493
9858, 488
9880, 496
9904, 494
9926, 496
9949, 499
9972, 500
9995, 499
10018, 503
10043, 495
10067, 499
10093, 499
10118, 498
10143, 502
10168, 497
10193, 497
10218, 498
10243, 498
10268, 497
10293, 498
10318, 498
10343, 500
10369, 501
10393, 502
10418, 497
10443, 494
10468, 491
10493, 491
10518, 496
10544, 499
10568, 494
10593, 493
10618, 494
10643, 492
10669, 493
10693, 494
10719, 499
10743, 491
10769, 498
10793, 497
10818, 499
10844, 502
10868, 495
10894, 502
10918, 498
10944, 497
10969, 499
10993, 502
11019, 501
11043, 502
11069, 503
11094, 503
11119, 499
11144, 502
11168, 502
11194, 504
11218, 499
11244, 497
11269, 489
11294, 489
11319, 489
11343, 485
11369, 500
11394, 494
11419, 485
11444, 489
11469, 488
11494, 492
11520, 493
11544, 494
11569, 500
11594, 496
11619, 492
11644, 498
11669, 504
11695, 503
11719, 495
11744, 498
11769, 496
11794, 500
11820, 502
11844, 494
11870, 497
11894, 499
11919, 494
11944, 501
11969, 499
11995, 495
12019, 497
12045, 494
12069, 497
12094, 500
12120, 498
12144, 496
12170, 491
12194, 498
12220, 492
12244, 492
12270, 494
12295, 494
12319, 494
12345, 498
12369, 500
12395, 499
12420, 492
12445, 498
12470, 498
12494, 501
12520, 498
12545, 496
12570, 501
12595, 500
12620, 505
12645, 495
12669, 500
12695, 504
12720, 492
12745, 500
12770, 499
12795, 501
12820, 500
12846, 499
12870, 499
12895, 498
12920, 502
12945, 498
12971, 493
12995, 497
13021, 498
13045, 497
13070, 490
13095, 494
13120, 489
13146, 492
13170, 493
13196, 496
13220, 496
13245, 495
13271, 497
13295, 499
13321, 498
13345, 503
13371, 499
13395, 501
13420, 501
13446, 505
13470, 497
13496, 498
13520, 498
13546, 502
13571, 504
13596, 498
13621, 497
13645, 499
13671, 499
13696, 497
13721, 499
13746, 500
13771, 500
13796, 493
13820, 499
13846, 500
13871, 496
13896, 498
13921, 491
13946, 502
13971, 502
13996, 498
14021, 497
14046, 498
14071, 498
14096, 499
14121, 501
14146, 499
14171, 501
14196, 498
14221, 498
14246, 495
14271, 502
14297, 499
14321, 500
14347, 500
14371, 502
14396, 496
14422, 500
14446, 494
14472, 499
14496, 504
14522, 504
14546, 499
14571, 493
14597, 504
14621, 498
14647, 500
14671, 490
14697, 486
14722, 495
14746, 491
14772, 494
14796, 501
14822, 497
14846, 496
14872, 497
14897, 503
14921, 499
14947, 500
14971, 496
14997, 498
15022, 504
15047, 500
15072, 504
15097, 498
15122, 500
15147, 500
15172, 499
15197, 498
15222, 497
15247, 496
15272, 501
15297, 499
15322, 498
15347, 497
15372, 496
15397, 496
15422, 498
15448, 496
15472, 495
15497, 494
15522, 496
15547, 500
15572, 498
15597, 498
15623, 500
15647, 497
15672, 500
15697, 497
15722, 499
15748, 500
15772, 498
15798, 500
15822, 500
15848, 495
15873, 495
15897, 498
15923, 498
15947, 500
15973, 504
15997, 499
16023, 499
16048, 500
16072, 500
16098, 495
16122, 501
16148, 502
16173, 494
16198, 498
16223, 496
16247, 501
16273, 496
16297, 497
16323, 499
16348, 489
16373, 493
16398, 499
16423, 495
16448, 491
16473, 496
16498, 491
16523, 497
16548, 494
16573, 495
16599, 499
16623, 502
16648, 499
16673, 498
16698, 495
16723, 499
16748, 497
16774, 502
16798, 494
16823, 497
16848, 492
16873, 500
16899, 500
16923, 500
16949, 495
16973, 501
16998, 501
17024, 493
17048, 492
17074, 491
17098, 492
17124, 488
17148, 493
17174, 496
17199, 495
17223, 501
17249, 496
17273, 498
17299, 498
17324, 495
17349, 497
17374, 497
17398, 494
17424, 498
17448, 503
17474, 498
17499, 498
17524, 505
17549, 499
17573, 497
17599, 495
17624, 500
17649, 498
17674, 498
17699, 496
17724, 494
17748, 500
17774, 495
17799, 494
17824, 505
17849, 494
17874, 490
17899, 491
17925, 490
17949, 489
17974, 487
17999, 491
18024, 496
18050, 493
18074, 494
18100, 494
18124, 496
18149, 497
18174, 491
18199, 496
18225, 490
18249, 492
18275, 484
18299, 490
18324, 495
18350, 495
18374, 500
18400, 488
18424, 492
18450, 494
18475, 489
18499, 487
18525, 495
18549, 483
18575, 492
18599, 484
18625, 493
18650, 479
18675, 474
18700, 495
18724, 494
18750, 493
18775, 496
18800, 491
18825, 484
18850, 496
18875, 500
18899, 494
18925, 505
18950, 497
18975, 496
19000, 501
19025, 506
19050, 498
19075, 497
19100, 500
19125, 493
19150, 487
19175, 494
19201, 489
19225, 495
19251, 489
19275, 494
19300, 489
19325, 495
19350, 493
19376, 492
19400, 491
19426, 490
19450, 492
19475, 493
19501, 498
19525, 496
19551, 493
19575, 486
19601, 491
19625, 495
19650, 489
19676, 491
19700, 492
19726, 494
19750, 489
19776, 492
19801, 491
19825, 496
19851, 491
19875, 489
19901, 491
19926, 491
19951, 495
19976, 496
20001, 492
20026, 496
20050, 494
20076, 496
20101, 493
20126, 498
20151, 496
20176, 496
20201, 487
20226, 496
20251, 495
20276, 494
20301, 490
20326, 496
20352, 493
20376, 494
20401, 494
20426, 491
20451, 494
20476, 487
20501, 496
20527, 490
20551, 495
20576, 495
20601, 500
20626, 498
20652, 497
20676, 494
20702, 498
20726, 495
20752, 498
20776, 498
20801, 496
20827, 499
20851, 498
20877, 500
20901, 499
20927, 497
20952, 497
20976, 499
21002, 498
21026, 499
21052, 496
21076, 498
21102, 498
21127, 492
21151, 492
21177, 493
21201, 502
21227, 493
21252, 492
21277, 490
21302, 499
21326, 493
21352, 493
21377, 490
21402, 493
21427, 493
21452, 497
21477, 494
21502, 499
21527, 492
21552, 498
21577, 493
21602, 499
21627, 493
21652, 497
21678, 492
21702, 496
21727, 500
21752, 490
21777, 497
21803, 501
21827, 493
21853, 504
21877, 496
21902, 498
21927, 496
21952, 492
21978, 491
22002, 493
22028, 492
22052, 495
22077, 491
22103, 491
22127, 487
22153, 491
22177, 491
22203, 499
22227, 492
22253, 497
22278, 498
22302, 498
22328, 494
22352, 492
22378, 492
22403, 492
22428, 487
22453, 488
22477, 481
22503, 485
22528, 494
22553, 490
22578, 498
22603, 495
22628, 492
22652, 501
22678, 490
22703, 483
22728, 494
22753, 491
22778, 491
22803, 485
22829, 488
22853, 490
22878, 496
22903, 490
22928, 500
22953, 490
22978, 492
23004, 499
23028, 490
23053, 492
23078, 495
23103, 491
23129, 488
23153, 490
23179, 493
23203, 497
23228, 498
23254, 493
23278, 493
23304, 491
23328, 496
23354, 496
23378, 497
23403, 496
23429, 495
23453, 503
23479, 493
23503, 492
23529, 495
23554, 499
23579, 492
23604, 492
23628, 487
23654, 489
23678, 484
23704, 491
23729, 496
23754, 492
23779, 497
23803, 494
23829, 490
23854, 496
23879, 493
23904, 493
23929, 498
23954, 498
23979, 496
24004, 501
24029, 494
24054, 494
24079, 496
24104, 493
24129, 492
24154, 496
24179, 496
24204, 499
24229, 493
24254, 488
24280, 486
24304, 496
24330, 491
24354, 489
24379, 492
24404, 491
24429, 488
24455, 488
24479, 489
24505, 494
24529, 488
24554, 496
24580, 491
24604, 488
24630, 494
24654, 496
24680, 496
24705, 498
24729, 494
24755, 496
24779, 490
24805, 485
24829, 497
24855, 495
24880, 488
24904, 493
24930, 488
24954, 501
24980, 500
25005, 502
25030, 497
25055, 493
25080, 499
25105, 494
25129, 494
25155, 495
25180, 488
25205, 494
25230, 493
25255, 493
25280, 494
25305, 492
25330, 496
25355, 491
25380, 498
25405, 490
25431, 499
25455, 501
25480, 496
25505, 495
25530, 500
25555, 497
25580, 490
25606, 495
25630, 493
25656, 493
25680, 492
25705, 498
25731, 493
25755, 492
25781, 501
25805, 490
25831, 494
25856, 497
25880, 496
25906, 496
25930, 493
25956, 496
25980, 490
26006, 492
26031, 497
26055, 493
26081, 492
26105, 494
26131, 498
26156, 493
26181, 493
26206, 494
26230, 492
26256, 495
26280, 496
26306, 494
26331, 494
26356, 494
26381, 491
26406, 497
26431, 493
26456, 492
26481, 497
26506, 496
26531, 494
26556, 497
26582, 500
26606, 492
26631, 498
26656, 493
26681, 486
26706, 486
26731, 492
26757, 489
26781, 496
26806, 488
26831, 499
26856, 495
26882, 498
26906, 498
26932, 494
26956, 497
26981, 498
27006, 493
27031, 496
27057, 494
27081, 500
27107, 498
27131, 499
27157, 496
27182, 496
27206, 498
27232, 496
27256, 498
27282, 496
27307, 501
27332, 496
27357, 493
27381, 493
27407, 491
27431, 504
27457, 497
27482, 498
27507, 491
27532, 497
27556, 492
27582, 492
27607, 495
27632, 484
27657, 486
27682, 492
27707, 494
27731, 497
27757, 495
27782, 491
27807, 497
27832, 500
27857, 494
27882, 492
27908, 495
27932, 493
27957, 489
27982, 492
28007, 491
28033, 497
28057, 496
28083, 497
28107, 494
28132, 498
28157, 496
28182, 502
28208, 492
28232, 499
28258, 497
28282, 495
28307, 496
28333, 489
28357, 497
28383, 488
28407, 493
28433, 489
28457, 497
28482, 493
28508, 499
28532, 498
28558, 497
28582, 498
28608, 493
28633, 499
28658, 496
28683, 496
28707, 487
28733, 497
28758, 499
28783, 500
28808, 496
28833, 501
28858, 497
28882, 502
28908, 500
28933, 498
28958, 491
28983, 498
29008, 496
29033, 495
29058, 491
29083, 501
29108, 487
29133, 494
29158, 492
29184, 498
29208, 497
29234, 501
29258, 499
29283, 498
29308, 505
29333, 500
29359, 499
29383, 494
29409, 499
29433, 505
29458, 499
29484, 498
29508, 501
29534, 502
29558, 503
29584, 497
29608, 500
29633, 505
29659, 504
29683, 500
29709, 501
29733, 498
29759, 492
29784, 496
29808, 497
29834, 501
29858, 504
29884, 494
29908, 490
29934, 496
29959, 494
29984, 492
30009, 491
30033, 487
30059, 495
30084, 501
30109, 494
30134, 495
30159, 496
30184, 498
30209, 503
30234, 494
30259, 501
30284, 498
30309, 502
30334, 495
30359, 503
30384, 500
30409, 506
30434, 502
30459, 495
30484, 502
30510, 496
30534, 507
30559, 507
30584, 505
30609, 504
30635, 506
30659, 503
30685, 503
30709, 503
30735, 496
30759, 495
30784, 496
30810, 495
30834, 495
30860, 502
30884, 502
30910, 504
30935, 505
30959, 499
30985, 504
31009, 498
31035, 501
31059, 502
31085, 499
31110, 499
31134, 499
31160, 503
31184, 501
31210, 501
31235, 500
31260, 500
31285, 498
31309, 501
31335, 498
31360, 501
31385, 502
31410, 504
31435, 501
31460, 502
31485, 503
31510, 502
31535, 500
31560, 503
31585, 502
31610, 496
31635, 496
31661, 491
31685, 497
31710, 494
31735, 496
31760, 498
31785, 502
31810, 502
31836, 500
31860, 505
31885, 500
31910, 499
31935, 500
31961, 501
31985, 499
32011, 506
32035, 500
32061, 503
32086, 501
32110, 502
32136, 504
32160, 500
32186, 505
32210, 499
32236, 498
32261, 499
32285, 500
32311, 500
32335, 499
32361, 502
32386, 499
32411, 495
32436, 495
32460, 498
32486, 492
32510, 496
32536, 496
32561, 499
32586, 499
32611, 498
32635, 501
32661, 503
32686, 501
32711, 504
32736, 497
32761, 500
32786, 499
32812, 497
32836, 501
32861, 491
32886, 501
32911, 500
32936, 494
32961, 501
32987, 500
33011, 499
33036, 502
33061, 505
33086, 501
33112, 494
33136, 494
33162, 498
33186, 502
33211, 489
33236, 495
33261, 489
33287, 491
33311, 494
33337, 498
33361, 496
33386, 503
33412, 497
33436, 501
33462, 501
33486, 502
33512, 493
33537, 497
33562, 502
33587, 499
33611, 494
33637, 497
33661, 506
33687, 501
33712, 502
33737, 497
33762, 508
33786, 501
33812, 497
33837, 500
33862, 503
33887, 499
33912, 504
33937, 504
33961, 505
33987, 500
34012, 498
34037, 493
34062, 496
34087, 496
34112, 491
34137, 496
34162, 498
34187, 500
34212, 497
34237, 503
34263, 492
34287, 501
34313, 501
34337, 503
34362, 504
34387, 499
34412, 500
34438, 497
34462, 495
34488, 502
34512, 501
34537, 500
34563, 499
34587, 497
34613, 499
34637, 506
34663, 497
34688, 505
34712, 498
34738, 498
34762, 494
34788, 493
34812, 495
34838, 496
34863, 498
34887, 490
34913, 495
34937, 500
34963, 501
34988, 501
35013, 491
35038, 500
35063, 506
35088, 501
35112, 501
35138, 501
35163, 501
35188, 501
35213, 506
35238, 496
35263, 500
35288, 496
35313, 494
35338, 499
35363, 505
35388, 496
35414, 502
35438, 496
35463, 501
35488, 501
35513, 493
35538, 500
35563, 495
35589, 491
35613, 497
35639, 491
35663, 495
35688, 499
35714, 503
35738, 502
35764, 500
35788, 501
35814, 503
35838, 492
35863, 501
35889, 501
35913, 503
35939, 503
35963, 500
35989, 501
36014, 500
36038, 498
36064, 501
36088, 507
36114, 500
36139, 499
36164, 501
36189, 500
36213, 499
36239, 499
36263, 499
36289, 497
36314, 493
36339, 494
36364, 492
36389, 492
36414, 493
36439, 495
36464, 495
36489, 495
36514, 497
36539, 499
36564, 500
36589, 498
36614, 497
36639, 498
36664, 501
36689, 501
36714, 503
36740, 501
36764, 501
36789, 502
36814, 501
36839, 499
36865, 498
36889, 497
36915, 496
36939, 503
36964, 499
36989, 501
37014, 498
37040, 498
37064, 499
37090, 494
37114, 500
37140, 495
37165, 498
37189, 496
37215, 493
37239, 505
37265, 500
37289, 504
37315, 503
37340, 505
37364, 504
37390, 504
37414, 499
37440, 505
37465, 502
37490, 502
37515, 502
37539, 503
37565, 500
37590, 501
37615, 501
37640, 499
37665, 501
37690, 501
37714, 499
37740, 505
37765, 504
37790, 501
37815, 494
37840, 493
37865, 500
37891, 499
37915, 494
37940, 501
37965, 500
37990, 509
38016, 505
38040, 506
38066, 499
38090, 500
38115, 502
38140, 506
38165, 501
38191, 501
38215, 500
38241, 501
38265, 500
38290, 509
38316, 505
38340, 503
38366, 506
38390, 507
38416, 497
38440, 503
38466, 503
38491, 504
38515, 502
38541, 502
38565, 495
38591, 498
38616, 494
38641, 495
38666, 497
38690, 503
38716, 495
38740, 499
38766, 494
38791, 497
38816, 501
38841, 500
38865, 504
38891, 504
38916, 499
38941, 504
38966, 504
38991, 508
39016, 506
39041, 508
39066, 504
39091, 502
39116, 506
39141, 507
39166, 500
39191, 503
39217, 500
39241, 502
39266, 504
39291, 509
39316, 502
39342, 502
39366, 503
39392, 501
39416, 504
39441, 498
39467, 495
39491, 498
39517, 496
39541, 495
39567, 499
39591, 500
39616, 497
39642, 503
39666, 502
39692, 506
39716, 501
39742, 499
39767, 504
39791, 507
39817, 506
39841, 500
39867, 497
39891, 507
39917, 503
39942, 506
39967, 504
39992, 503
40016, 510
40042, 508
40067, 497
40092, 505
40117, 508
40142, 506
40167, 500
40192, 503
40217, 503
40242, 501
40267, 499
40292, 495
40317, 496
40342, 492
40367, 493
40392, 499
40417, 504
40442, 500
40467, 500
40493, 501
40517, 502
40542, 503
40567, 502
40592, 505
40617, 499
40642, 508
40668, 499
40692, 504
40718, 501
40742, 500
40767, 506
40793, 502
40817, 509
40843, 501
40867, 501
40893, 505
40918, 505
40942, 506
40968, 498
40992, 505
41018, 499
41042, 501
41068, 503
41093, 494
41117, 494
41143, 496
41167, 501
41193, 498
41218, 501
41243, 504
41268, 504
41292, 502
41318, 501
41342, 500
41368, 499
41393, 499
41418, 500
41443, 498
41468, 503
41493, 499
41518, 499
41543, 501
41568, 501
41593, 500
41618, 504
41644, 499
41668, 496
41693, 499
41718, 503
41743, 501
41768, 500
41793, 501
41819, 502
41843, 501
41868, 500
41893, 496
41918, 495
41944, 498
41968, 496
41994, 496
42018, 492
42044, 493
42068, 493
42093, 501
42119, 497
42143, 504
42169, 500
42193, 499
42219, 501
42244, 499
42268, 506
42294, 504
42318, 503
42344, 505
42369, 502
42394, 503
42419, 506
42443, 504
42469, 499
42493, 502
42519, 505
42544, 497
42569, 497
42594, 502
42618, 499
42644, 499
42669, 504
42694, 502
42719, 501
42744, 495
42769, 492
42795, 496
42819, 502
42844, 498
42869, 494
42894, 492
42919, 492
42944, 505
42970, 502
42994, 501
43019, 500
43044, 501
43069, 508
43095, 504
43119, 504
43145, 501
43169, 504
43194, 497
43219, 499
43244, 501
43270, 504
43294, 504
43320, 501
43344, 501
43369, 498
43395, 502
43419, 506
43445, 500
43469, 501
43495, 500
43520, 502
43545, 504
43570, 505
43594, 493
43620, 494
43644, 492
43670, 499
43695, 494
43720, 493
43745, 496
43769, 496
43795, 499
43820, 499
43845, 499
43870, 504
43895, 501
43920, 501
43944, 497
43970, 497
43995, 501
44020, 503
44045, 504
44070, 505
44095, 500
44120, 500
44145, 499
44170, 502
44195, 506
44220, 506
44246, 502
44270, 506
44296, 503
44320, 506
44345, 507
44370, 502
44395, 494
44421, 503
44445, 502
44471, 496
44495, 490
44520, 495
44546, 492
44570, 501
44596, 500
44620, 503
44646, 503
44670, 503
44695, 499
44721, 508
44745, 503
44771, 506
44795, 503
44821, 501
44846, 505
44871, 500
44896, 496
44920, 496
44946, 505
44971, 503
44996, 502
45021, 502
45046, 503
45071, 507
45095, 501
45121, 506
45146, 502
45171, 504
45196, 502
45221, 502
45246, 501
45271, 501
45296, 502
45321, 502
45346, 497
45371, 498
45396, 497
45421, 494
45446, 492
45471, 498
45496, 494
45521, 495
45546, 494
45572, 507
45596, 497
45622, 499
45646, 501
45671, 499
45697, 501
45721, 504
45747, 501
45771, 501
45797, 503
45821, 497
45846, 496
45872, 496
45896, 500
45922, 503
45946, 504
45972, 498
45997, 499
46021, 506
46047, 501
46071, 495
46097, 499
46121, 499
46147, 503
46172, 496
46196, 497
46222, 498
46246, 499
46272, 491
46297, 491
46322, 495
46347, 497
46372, 493
46397, 500
46422, 499
46447, 503
46472, 500
46497, 500
46522, 501
46547, 500
46572, 499
46597, 499
46622, 496
46647, 499
46672, 500
46697, 500
46723, 497
46747, 503
46772, 500
46797, 499
46822, 502
46848, 501
46872, 502
46898, 501
46922, 501
46947, 502
46972, 499
46997, 497
47023, 500
47047, 499
47073, 500
47097, 494
47123, 495
47148, 496
47172, 493
47198, 495
47222, 496
47248, 499
47272, 494
47298, 500
47323, 502
47347, 497
47373, 496
47397, 502
47423, 500
47448, 498
47473, 497
47498, 499
47522, 501
47548, 506
47572, 503
47598, 495
47623, 501
47648, 501
47673, 501
47697, 500
47723, 498
47748, 494
47773, 493
47798, 486
47823, 490
47848, 484
47874, 497
47898, 494
47923, 495
47948, 488
47973, 495
47998, 494
48023, 492
48049, 493
48073, 496
48098, 500
48123, 497
48148, 496
48174, 500
48198, 497
48224, 496
48248, 501
48273, 498
48299, 503
48323, 497
48349, 495
48373, 497
48399, 497
48423, 497
48449, 502
48474, 506
48498, 501
48524, 505
48548, 506
48574, 498
48599, 502
48624, 497
48649, 499
48673, 501
48699, 502
48723, 494
48749, 495
48774, 491
48799, 494
48824, 490
48848, 491
48874, 495
48899, 500
48924, 497
48949, 502
48974, 498
48999, 505
49024, 506
49049, 502
49074, 499
49099, 505
49124, 496
49149, 504
49174, 499
49200, 504
49224, 499
49249, 506
49274, 503
49299, 497
49325, 504
49349, 507
49375, 505
49399, 498
49424, 501
49449, 503
49474, 504
49500, 501
49524, 497
49550, 492
49574, 495
49599, 490
49625, 494
49649, 495
49675, 493
49699, 499
49725, 500
49750, 498
49774, 497
49800, 501
49824, 499
49850, 503
49874, 498
49900, 495
49925, 492
49950, 506
49975, 493
49999, 505
50025, 506
50050, 507
50075, 504
50100, 500
50125, 503
50150, 500
50174, 503
50200, 497
50225, 500
50250, 499
50275, 498
50300, 502
50325, 490
50350, 486
50375, 497
50400, 495
50425, 491
50450, 496
50476, 496
50500, 503
50525, 493
50550, 505
50575, 497
50600, 504
50625, 504
50651, 500
50675, 499
50701, 500
50725, 502
50750, 499
50776, 494
50800, 508
50826, 500
50850, 505
50876, 500
50900, 502
50925, 506
50951, 509
50975, 496
51001, 495
51025, 499
51051, 505
51076, 504
51100, 494
51126, 499
51150, 494
51176, 494
51201, 497
51226, 489
51251, 494
51276, 494
51301, 494
51325, 491
51351, 498
51376, 497
51401, 495
51426, 468
51451, 466
51476, 466
51501, 463
51526, 466
51551, 468
51576, 469
51601, 468
51627, 468
51651, 467
51676, 471
51701, 468
51726, 467
51751, 467
51776, 470
51802, 469
51826, 468
51851, 472
51876, 468
51901, 471
51927, 470
51951, 469
51977, 468
52001, 469
52027, 463
52051, 459
52076, 461
52102, 459
52126, 461
52152, 457
52176, 459
52202, 462
52227, 465
52251, 464
52277, 469
52301, 466
52327, 472
52352, 467
52377, 461
52402, 467
52426, 467
52452, 465
52476, 470
52502, 470
52527, 469
52552, 470
52577, 465
52601, 472
52627, 467
52652, 470
52677, 471
52702, 468
52727, 471
52752, 471
52777, 464
52802, 472
52827, 468
52852, 470
52877, 468
52902, 467
52927, 467
52953, 466
52977, 451
53002, 460
53027, 459
53052, 457
53078, 459
53102, 463
53128, 468
53152, 461
53177, 465
53202, 459
53227, 464
53253, 460
53277, 466
53303, 465
53327, 467
53352, 463
53378, 463
53402, 462
53428, 465
53452, 465
53478, 467
53502, 468
53528, 463
53553, 461
53577, 469
53603, 465
53627, 460
53653, 463
53678, 468
53703, 476
53728, 476
53752, 480
53778, 481
53803, 486
53828, 480
53853, 473
53878, 470
53903, 472
53927, 467
53953, 476
53978, 475
54003, 464
54028, 480
54053, 454
54078, 460
54103, 465
54128, 468
54153, 465
54178, 463
54203, 461
54228, 460
54253, 463
54279, 472
54303, 464
54328, 466
54353, 465
54378, 470
54404, 462
54428, 468
54454, 466
54478, 475
54503, 466
54529, 471
54553, 465
54579, 473
54603, 470
54629, 470
54653, 470
54678, 467
54704, 468
54728, 466
54754, 470
54778, 467
54804, 455
54829, 455
54854, 455
54879, 452
54903, 451
54929, 453
54953, 461
54979, 461
55004, 460
55029, 466
55054, 466
55078, 464
55104, 461
55129, 467
55154, 456
55179, 474
55204, 460
55229, 467
55254, 466
55279, 467
55304, 475
55329, 466
55354, 470
55379, 470
55404, 467
55429, 466
55454, 464
55479, 466
55504, 462
55529, 473
55555, 468
55579, 466
55605, 471
55629, 472
55654, 469
55680, 464
55704, 464
55730, 469
55754, 461
55780, 455
55804, 456
55829, 451
55855, 457
55879, 454
55905, 468
55929, 455
55955, 462
55980, 462
56004, 468
56030, 466
56054, 469
56080, 460
56104, 467
56130, 462
56155, 473
56179, 470
56205, 467
56229, 469
56255, 465
56280, 469
56305, 471
56330, 469
56355, 466
56380, 474
56404, 470
56430, 469
56455, 473
56480, 468
56505, 473
56530, 467
56555, 464
56580, 460
56605, 459
56630, 466
56655, 457
56680, 457
56706, 456
56730, 456
56755, 458
56780, 459
56805, 459
56830, 458
56855, 465
56881, 467
56905, 469
56930, 467
56955, 468
56980, 464
57006, 468
57030, 467
57056, 463
57080, 468
57106, 466
57131, 464
57155, 468
57181, 466
57205, 466
57231, 466
57255, 465
57281, 471
57306, 463
57330, 453
57356, 445
57380, 449
57406, 449
57431, 448
57456, 444
57481, 439
57505, 444
57531, 446
57555, 462
57581, 456
57606, 458
57631, 455
57656, 455
57681, 455
57706, 457
57731, 454
57756, 459
57781, 469
57806, 468
57831, 466
57857, 469
57881, 464
57906, 471
57931, 465
57956, 467
57981, 465
58006, 461
58032, 463
58056, 466
58081, 468
58106, 470
58131, 466
58157, 462
58181, 468
58207, 471
58231, 458
58256, 450
58281, 443
58306, 451
58332, 436
58356, 439
58382, 437
58406, 435
58432, 441
58457, 449
58481, 452
58507, 458
58531, 457
58557, 455
58582, 457
58607, 461
58632, 453
58656, 452
58682, 459
58706, 459
58732, 467
58757, 464
58782, 465
58807, 473
58831, 462
58857, 465
58882, 470
58907, 464
58932, 461
58957, 462
58982, 469
59006, 472
59032, 468
59057, 465
59082, 467
59107, 461
59132, 448
59157, 445
59183, 446
59207, 440
59232, 437
59257, 435
59282, 437
59308, 440
59332, 435
59358, 456
59382, 454
59407, 457
59432, 460
59457, 460
59483, 459
59507, 463
59533, 455
59557, 467
59582, 467
59608, 464
59632, 469
59658, 466
59682, 468
59708, 474
59732, 466
59757, 468
59783, 466
59807, 470
59833, 468
59857, 466
59883, 467
59908, 468
59933, 467
59958, 470
59982, 467
60008, 456
60033, 450
60058, 445
60083, 446
60108, 449
60133, 449
60157, 459
60183, 451
60208, 461
60233, 446
60258, 461
60283, 459
60308, 458
60333, 460
60358, 465
60383, 463
60408, 466
60433, 468
60459, 463
60483, 465
60508, 466
60533, 470
60558, 463
60583, 465
60608, 469
60634, 464
60658, 468
60684, 464
60708, 470
60733, 468
60759, 464
60783, 467
60809, 467
60833, 470
60859, 456
60883, 452
60908, 451
60934, 448
60958, 470
60984, 455
61008, 454
61034, 450
61059, 448
61083, 457
61109, 456
61133, 459
61159, 458
61184, 464
61209, 466
61234, 465
61259, 468
61284, 465
61308, 467
61334, 466
61359, 466
61384, 463
61409, 465
61434, 465
61459, 467
61484, 466
61509, 463
61534, 465
61559, 467
61584, 467
61609, 463
61634, 466
61659, 465
61684, 465
61709, 464
61734, 463
61759, 454
61785, 455
61809, 453
61834, 453
61859, 456
61884, 457
61910, 464
61934, 467
61960, 467
61984, 466
62010, 464
62034, 463
62059, 464
62085, 468
62109, 466
62135, 466
62159, 466
62185, 467
62210, 464
62234, 468
62260, 468
62284, 476
62310, 474
62334, 471
62360, 473
62385, 476
62409, 475
62435, 476
62459, 472
62485, 472
62510, 471
62535, 472
62560, 472
62584, 473
62610, 474
62635, 470
62660, 472
62685, 476
62710, 474
62735, 475
62760, 477
62785, 477
62810, 470
62835, 470
62860, 472
62885, 479
62910, 474
62936, 479
62960, 470
62985, 478
63010, 474
63035, 478
63060, 481
63085, 475
63111, 477
63135, 481
63160, 476
63185, 480
63210, 470
63236, 475
63260, 474
63286, 475
63310, 475
63335, 481
63361, 479
63385, 481
63411, 479
63435, 476
63461, 472
63485, 474
63511, 473
63536, 471
63560, 470
63586, 470
63610, 475
63636, 475
63661, 470
63686, 474
63711, 476
63735, 477
63761, 476
63785, 474
63811, 477
63836, 470
63861, 473
63886, 476
63910, 473
63936, 466
63961, 472
63986, 470
64011, 474
64036, 470
64061, 476
64087, 480
64111, 476
64136, 481
64161, 484
64186, 469
64211, 478
64236, 472
64262, 472
64286, 476
64311, 476
64336, 477
64361, 478
64387, 480
64411, 480
64437, 479
64461, 480
64486, 481
64512, 474
64536, 480
64562, 478
64586, 486
64612, 479
64636, 481
64661, 484
64687, 481
64711, 484
64737, 484
64761, 486
64787, 490
64812, 486
64837, 483
64862, 484
64886, 484
64912, 485
64936, 484
64962, 488
64987, 482
65012, 486
65037, 483
65061, 482
65087, 483
65112, 487
65137, 482
65162, 487
65187, 491
65212, 486
65236, 481
65262, 483
65287, 482
65312, 484
65337, 486
65362, 483
65387, 480
65412, 480
65437, 483
65462, 477
65487, 482
65512, 484
65538, 484
65562, 487
65588, 487
65612, 481
65637, 487
65662, 483
65687, 490
65713, 486
65737, 483
65763, 480
65787, 488
65812, 484
65838, 481
65862, 482
65888, 485
65912, 480
65938, 483
65963, 482
65987, 485
66013, 486
66037, 485
66063, 483
66087, 484
66113, 480
66138, 479
66162, 478
66188, 474
66212, 473
66238, 476
66263, 479
66288, 478
66313, 476
66338, 478
66363, 476
66387, 481
66413, 483
66438, 482
66463, 483
66488, 482
66513, 483
66538, 482
66563, 481
66588, 481
66613, 482
66638, 485
66663, 484
66689, 481
66713, 484
66738, 479
66763, 481
66788, 480
66813, 480
66838, 481
66864, 478
66888, 481
66913, 483
66938, 478
66963, 471
66989, 475
67013, 477
67039, 477
67063, 479
67089, 475
67113, 482
67138, 474
67164, 475
67188, 474
67214, 467
67238, 468
67264, 477
67289, 476
67313, 471
67339, 478
67363, 482
67389, 480
67414, 485
67439, 480
67464, 475
67488, 479
67514, 481
67538, 477
67564, 477
67589, 476
67614, 481
67639, 473
67664, 475
67689, 476
67714, 480
67739, 478
67764, 482
67789, 473
67814, 479
67840, 474
67864, 477
67889, 474
67914, 475
67939, 475
67964, 468
67989, 464
68015, 471
68039, 472
68064, 473
68089, 465
68114, 462
68140, 467
68164, 465
68190, 465
68214, 474
68239, 471
68264, 475
68289, 471
68315, 478
68339, 476
68365, 480
68389, 476
68415, 479
68440, 477
68464, 474
68490, 470
68514, 468
68540, 469
68564, 475
68590, 477
68615, 472
68639, 472
68665, 476
68689, 476
68715, 475
68740, 474
68765, 467
68790, 472
68814, 472
68840, 468
68865, 464
68890, 472
68915, 469
68940, 466
68965, 464
68989, 472
69015, 473
69040, 471
69065, 475
69090, 478
69115, 476
69140, 481
69166, 477
69190, 479
69215, 477
69240, 478
69265, 484
69291, 482
69315, 467
69341, 467
69365, 470
69390, 477
69415, 477
69440, 478
69466, 471
69490, 476
69516, 476
69540, 474
69565, 473
69591, 475
69615, 475
69641, 477
69665, 475
69691, 469
69715, 475
69740, 475
69766, 475
69790, 477
69816, 477
69840, 472
69866, 477
69891, 473
69916, 480
69941, 479
69965, 485
69991, 482
70016, 482
70041, 480
70066, 478
70091, 482
70116, 481
70140, 481
70166, 477
70191, 475
70216, 470
70241, 468
70266, 470
70291, 475
70316, 475
70341, 474
70366, 472
70391, 474
70416, 476
70441, 473
70466, 473
70492, 472
70516, 469
70541, 469
70566, 469
70591, 472
70617, 474
70641, 474
70667, 471
70691, 475
70716, 473
70742, 472
70766, 474
70792, 473
70816, 476
70842, 476
70866, 478
70891, 481
70917, 480
70941, 479
70967, 478
70991, 480
71017, 477
71042, 476
71066, 471
71092, 469
71116, 469
71142, 471
71166, 470
71192, 469
71217, 468
71242, 472
71267, 474
71291, 471
71317, 468
71342, 469
71367, 467
71392, 467
71417, 472
71442, 470
71467, 470
71492, 468
71517, 469
71542, 472
71567, 469
71592, 467
71617, 471
71642, 480
71667, 478
71692, 483
71717, 481
71742, 483
71768, 476
71792, 479
71817, 476
71842, 475
71867, 477
71892, 478
71917, 471
71943, 468
71967, 470
71993, 474
72017, 465
72042, 474
72068, 473
72092, 469
72118, 476
72142, 474
72168, 464
72193, 466
72217, 472
72243, 473
72267, 471
72293, 470
72317, 468
72343, 469
72368, 468
72392, 474
72418, 468
72442, 475
72468, 479
72493, 480
72518, 476
72543, 484
72567, 480
72593, 482
72617, 485
72643, 481
72668, 475
72693, 474
72718, 475
72743, 474
72768, 474
72793, 471
72818, 474
72843, 473
72868, 480
72893, 469
72919, 481
72943, 475
72968, 477
72993, 472
73018, 479
73043, 479
73068, 471
73094, 477
73118, 465
73143, 466
73168, 472
73193, 471
73219, 468
73243, 482
73269, 482
73293, 484
73318, 480
73344, 481
73368, 481
73394, 484
73418, 480
73444, 484
73468, 482
73494, 479
73519, 476
73543, 476
73569, 478
73593, 478
73619, 477
73644, 474
73669, 476
73694, 481
73718, 481
73744, 478
73768, 479
73794, 473
73819, 476
73844, 474
73869, 476
73893, 473
73919, 472
73944, 476
73969, 475
73994, 474
74019, 477
74044, 479
74070, 479
74094, 490
74119, 486
74144, 489
74169, 486
74194, 492
74219, 486
74245, 488
74269, 478
74294, 478
74319, 477
74344, 482
74370, 481
74394, 476
74420, 477
74444, 476
74469, 481
74494, 482
74519, 482
74545, 482
74569, 477
74595, 475
74619, 476
74644, 476
74670, 477
74694, 477
74720, 478
74744, 471
74770, 470
74795, 470
74820, 476
74845, 475
74869, 485
74895, 483
74919, 485
74945, 480
74970, 482
74995, 482
75020, 483
75044, 480
75070, 476
75095, 477
75120, 474
75145, 482
75170, 475
75195, 476
75219, 476
75245, 476
75270, 477
75295, 479
75320, 481
75345, 478
75370, 478
75395, 477
75420, 484
75445, 480
75470, 480
75495, 481
75521, 477
75545, 478
75571, 475
75595, 473
75620, 474
75645, 471
75670, 482
75696, 480
75720, 486
75746, 478
75770, 480
75795, 481
75821, 480
75845, 481
75871, 482
75895, 478
75921, 478
75945, 479
75970, 477
75996, 479
76020, 479
76046, 476
76070, 476
76096, 477
76121, 477
76145, 478
76171, 479
76195, 480
76221, 479
76246, 476
76271, 476
76296, 477
76321, 477
76346, 476
76370, 471
76396, 473
76421, 472
76446, 473
76471, 479
76496, 475
76521, 480
76546, 479
76571, 477
76596, 474
76621, 479
76646, 481
76672, 480
76696, 480
76721, 480
76746, 477
76771, 480
76796, 479
76821, 479
76847, 476
76871, 479
76897, 479
76921, 480
76946, 478
76972, 476
76996, 476
77022, 479
77046, 474
77072, 475
77096, 475
77121, 479
77147, 477
77171, 472
77197, 475
77221, 474
77247, 478
77272, 473
77296, 472
77322, 476
77346, 477
77372, 480
77396, 478
77422, 478
77447, 478
77471, 481
77497, 480
77521, 479
77547, 475
77572, 477
77597, 476
77622, 483
77647, 476
77672, 481
77697, 470
77722, 476
77747, 479
77772, 478
77797, 477
77822, 478
77847, 480
77872, 478
77897, 475
77922, 482
77947, 476
77972, 478
77998, 475
78022, 477
78047, 480
78072, 479
78097, 477
78123, 476
78147, 474
78173, 477
78197, 475
78222, 482
78247, 481
78272, 480
78298, 483
78322, 477
78348, 476
78372, 484
78398, 478
78423, 479
78447, 473
78473, 476
78497, 480
78523, 481
78547, 476
78573, 476
78598, 479
78622, 481
78648, 471
78672, 476
78698, 476
78723, 479
78748, 476
78773, 476
78797, 481
78823, 474
78848, 475
78873, 469
78898, 468
78923, 471
78948, 472
78972, 471
78998, 468
79023, 479
79048, 477
79073, 477
79098, 479
79123, 481
79149, 483
79173, 487
79198, 482
79223, 478
79248, 475
79273, 476
79298, 479
79324, 476
79348, 475
79373, 479
79398, 476
79423, 480
79449, 480
79473, 480
79499, 476
79523, 477
79548, 475
79574, 473
79598, 476
79624, 478
79648, 477
79674, 477
79698, 472
79723, 478
79749, 475
79773, 469
79799, 477
79823, 482
79849, 479
79874, 477
79899, 477
79924, 485
79948, 479
79974, 482
79998, 484
80024, 484
80049, 481
80074, 483
80099, 474
80123, 477
80149, 478
80174, 474
80199, 473
80224, 471
80249, 478
80274, 479
80299, 473
80324, 473
80349, 471
80374, 481
80399, 477
80424, 475
80449, 476
80475, 479
80499, 475
80524, 477
80549, 475
80574, 478
80600, 476
80624, 476
80650, 476
80674, 476
80699, 477
80724, 476
80749, 479
80775, 478
80799, 482
80825, 476
80849, 476
80874, 478
80900, 476
80924, 478
80950, 479
80974, 478
81000, 474
81025, 476
81049, 479
81075, 479
81099, 477
81125, 475
81149, 475
81175, 475
81200, 475
81225, 474
81250, 475
81274, 477
81300, 476
81325, 476
81350, 475
81375, 476
81400, 476
81425, 474
81449, 475
81475, 474
81500, 477
81525, 476
81550, 470
81575, 479
81600, 473
81625, 473
81650, 475
81675, 474
81700, 476
81725, 484
81751, 481
81775, 477
81800, 478
81825, 477
81850, 477
81875, 474
81900, 474
81926, 476
81950, 478
81976, 476
82000, 475
82025, 476
82051, 475
82075, 475
82101, 474
82125, 474
82151, 478
82176, 468
82200, 474
82226, 474
82250, 470
82276, 474
82300, 470
82326, 471
82351, 475
82375, 478
82401, 473
82425, 471
82451, 469
82476, 479
82501, 478
82526, 484
82550, 477
82576, 477
82600, 473
82626, 478
82651, 473
82676, 473
82701, 473
82726, 473
82751, 474
82776, 476
82801, 479
82826, 467
82851, 475
82876, 474
82902, 477
82926, 473
82951, 478
82976, 473
83001, 475
83026, 468
83051, 467
83077, 471
83101, 471
83126, 472
83151, 473
83176, 476
83202, 472
83226, 473
83252, 471
83276, 477
83302, 479
83326, 479
83351, 487
83377, 478
83401, 482
83427, 470
83451, 473
83477, 476
83502, 475
83526, 472
83552, 478
83576, 471
83602, 475
83627, 474
83652, 476
83677, 476
83701, 476
83727, 475
83751, 476
83777, 475
83802, 476
83827, 468
83852, 469
83876, 474
83902, 475
83927, 477
83952, 474
83977, 475
84002, 475
84027, 473
84052, 474
84077, 475
84102, 474
84127, 479
84152, 477
84177, 481
84202, 477
84228, 482
84252, 476
84277, 475
84302, 477
84327, 477
84353, 474
84377, 476
84403, 474
84427, 473
84452, 478
84477, 467
84502, 471
84528, 469
84552, 475
84578, 473
84602, 483
84627, 474
84653, 467
84677, 470
84703, 471
84727, 479
84753, 472
84777, 478
84803, 475
84828, 465
84852, 475
84878, 469
84902, 472
84928, 478
84953, 475
84978, 479
85003, 474
85027, 485
85053, 486
85078, 480
85103, 479
85128, 475
85153, 477
85178, 472
85202, 473
85228, 475
85253, 469
85278, 473
85303, 474
85328, 476
85353, 473
85378, 480
85403, 475
85428, 480
85453, 475
85478, 469
85504, 471
85528, 472
85554, 477
85578, 473
85603, 468
85628, 471
85653, 473
85679, 476
85703, 473
85729, 475
85753, 476
85778, 478
85804, 477
85828, 482
85854, 475
85878, 479
85904, 478
85928, 478
85953, 479
85979, 476
86003, 479
86029, 475
86053, 473
86079, 472
86104, 475
86128, 473
86154, 476
86178, 474
86204, 474
86228, 475
86254, 476
86279, 478
86304, 475
86329, 473
86353, 475
86379, 476
86404, 474
86429, 475
86454, 473
86479, 475
86504, 474
86529, 474
86554, 472
86579, 476
86604, 476
86629, 478
86654, 480
86679, 479
86704, 478
86729, 476
86754, 477
86779, 483
86804, 477
86830, 478
86854, 471
86880, 474
86904, 474
86929, 472
86955, 477
86979, 478
87005, 479
87029, 483
87055, 480
87079, 480
87104, 475
87130, 482
87154, 479
87180, 475
87204, 471
87230, 475
87255, 473
87279, 474
87305, 472
87329, 475
87355, 474
87379, 468
87405, 473
87430, 474
87454, 476
87480, 477
87504, 484
87530, 483
87555, 480
87580, 477
87605, 476
87630, 479
87655, 478
87680, 480
87705, 474
87730, 478
87755, 476
87780, 473
87805, 474
87830, 475
87855, 473
87880, 477
87905, 474
87930, 478
87955, 476
87981, 479
88005, 470
88030, 473
88055, 476
88080, 471
88105, 474
88130, 474
88156, 469
88180, 473
88205, 470
88230, 473
88255, 467
88281, 475
88305, 471
88331, 469
88355, 472
88381, 472
88406, 476
88430, 477
88456, 481
88480, 478
88506, 482
88530, 477
88556, 480
88581, 476
88605, 475
88631, 472
88655, 468
88681, 469
88706, 470
88731, 470
88756, 476
88780, 477
88806, 477
88830, 472
88856, 475
88881, 474
88906, 475
88931, 476
88955, 467
88981, 472
89006, 467
89031, 471
89056, 476
89081, 470
89106, 472
89132, 476
89156, 472
89181, 470
89206, 475
89231, 474
89256, 471
89281, 475
89307, 475
89331, 475
89356, 472
89381, 483
89406, 477
89432, 473
89456, 476
89482, 475
89506, 470
89531, 469
89556, 468
89581, 475
89607, 475
89631, 477
89657, 474
89681, 480
89707, 472
89732, 479
89756, 469
89782, 476
89806, 466
89832, 475
89857, 471
89882, 464
89907, 472
89931, 472
89957, 471
89981, 467
90007, 468
90032, 477
90057, 472
90082, 477
90106, 470
90132, 475
90157, 476
90182, 476
90207, 471
90232, 469
90257, 470
90281, 474
90307, 468
90332, 477
90357, 472
90382, 474
90407, 474
90432, 473
90458, 468
90482, 477
90507, 470
90532, 475
90557, 473
90583, 468
90607, 471
90633, 474
90657, 471
90682, 465
90707, 464
90732, 465
90758, 460
90782, 464
90808, 462
90832, 461
90857, 464
90883, 470
90907, 471
90933, 474
90957, 475
90983, 473
91008, 478
91032, 479
91058, 471
91082, 473
91108, 469
91132, 474
91158, 473
91183, 474
91208, 473
91233, 474
91257, 471
91283, 474
91308, 470
91333, 472
91358, 470
91383, 470
91408, 473
91432, 472
91458, 472
91483, 468
91508, 467
91533, 464
91558, 467
91583, 465
91608, 465
91633, 462
91658, 464
91683, 462
91708, 462
91734, 469
91758, 465
91783, 469
91808, 467
91833, 471
91858, 472
91883, 469
91909, 472
91933, 468
91959, 467
91983, 468
92008, 473
92034, 473
92058, 469
92084, 471
92108, 466
92134, 474
92158, 468
92183, 471
92209, 469
92233, 469
92259, 468
92283, 468
92309, 473
92334, 462
92358, 465
92384, 464
92408, 470
92434, 462
92459, 464
92484, 458
92509, 472
92533, 473
92559, 470
92583, 474
92609, 467
92634, 474
92659, 472
92684, 472
92709, 471
92734, 470
92759, 474
92784, 470
92809, 467
92834, 466
92859, 468
92884, 467
92909, 473
92934, 466
92959, 472
92984, 466
93009, 471
93034, 471
93060, 473
93084, 471
93109, 472
93134, 473
93159, 467
93185, 467
93209, 463
93235, 465
93259, 467
93285, 469
93309, 469
93334, 466
93360, 471
93384, 474
93410, 473
93434, 469
93460, 473
93485, 474
93509, 468
93535, 464
93559, 471
93585, 469
93609, 472
93635, 476
93660, 465
93684, 472
93710, 469
93734, 472
93760, 471
93785, 470
93810, 466
93835, 468
93859, 470
93885, 472
93910, 464
93935, 458
93960, 466
93985, 463
94010, 469
94035, 462
94060, 468
94085, 467
94110, 468
94135, 463
94160, 475
94185, 464
94211, 470
94235, 466
94260, 470
94285, 472
94310, 469
94336, 463
94360, 474
94386, 470
94410, 470
94435, 466
94460, 471
94485, 472
94511, 467
94535, 472
94561, 470
94585, 468
94610, 470
94636, 467
94660, 471
94686, 467
94710, 470
94736, 463
94760, 463
94786, 465
94811, 467
94835, 470
94861, 468
94885, 466
94911, 465
94936, 471
94961, 475
94986, 471
95010, 468
95036, 473
95060, 472
95086, 473
95111, 468
95136, 473
95161, 470
95185, 471
95211, 470
95236, 470
95261, 467
95286, 471
95311, 472
95336, 469
95361, 472
95386, 475
95411, 472
95436, 477
95461, 467
95486, 469
95511, 466
95537, 467
95561, 465
95586, 461
95611, 466
95636, 467
95662, 471
95686, 472
95712, 474
95736, 471
95761, 474
95787, 469
95811, 474
95837, 472
95861, 480
95887, 493
95911, 492
95936, 494
95962, 490
95986, 492
96012, 491
96036, 491
96062, 488
96087, 486
96112, 472
96137, 471
96161, 487
96187, 494
96211, 487
96237, 490
96262, 469
96287, 469
96312, 484
96336, 481
96362, 464
96387, 484
96412, 492
96437, 487
96462, 471
96487, 471
96512, 470
96537, 471
96562, 469
96587, 471
96612, 471
96637, 469
96662, 470
96687, 468
96712, 471
96737, 471
96762, 473
96787, 473
96813, 468
96837, 469
96863, 466
96887, 468
96912, 467
96937, 474
96962, 466
96988, 470
97012, 469
97038, 468
97062, 473
97087, 471
97113, 466
97137, 469
97163, 460
97187, 466
97213, 463
97238, 469
97262, 463
97288, 466
97312, 469
97338, 472
97362, 470
97388, 471
97413, 471
97437, 475
97463, 470
97487, 473
97513, 471
97538, 469
97563, 470
97588, 471
97613, 465
97638, 470
97662, 471
97688, 467
97713, 467
97738, 465
97763, 469
97788, 472
97813, 467
97838, 469
97863, 468
97888, 468
97913, 472
97938, 471
97964, 460
97988, 461
98013, 467
98038, 466
98063, 459
98088, 469
98113, 468
98139, 474
98163, 467
98188, 467
98213, 469
98238, 473
98264, 469
98288, 472
98314, 473
98338, 475
98364, 468
98388, 470
98413, 465
98439, 467
98463, 463
98489, 469
98513, 468
98539, 462
98564, 466
98588, 464
98614, 467
98638, 462
98664, 466
98689, 471
98714, 467
98739, 470
98763, 465
98789, 460
98813, 461
98839, 462
98864, 460
98889, 473
98914, 469
98938, 469
98964, 469
98989, 472
99014, 466
99039, 465
99064, 465
99089, 471
99115, 468
99139, 471
99164, 466
99189, 469
99214, 465
99239, 468
99264, 468
99290, 470
99314, 468
99339, 467
99364, 468
99389, 468
99415, 466
99439, 462
99465, 469
99489, 462
99514, 466
99539, 465
99564, 461
99590, 462
99614, 460
99640, 462
99664, 460
99690, 461
99715, 468
99739, 473
99765, 465
99789, 469
99815, 471
99840, 467
99865, 469
99890, 473
99914, 471
99940, 474
99964, 469
99990, 472
100015, 462
100042, 463
100069, 460
100097, 465
100123, 469
100150, 467
100177, 461
100204, 469
100232, 467
100258, 467
100286, 460
100313, 462
100340, 460
100367, 461
100395, 461
100421, 459
100449, 462
100475, 459
100503, 461
100530, 463
100557, 468
100584, 470
100611, 466
100638, 468
100665, 472
100692, 470
100719, 470
100747, 463
100773, 464
100801, 459
100828, 461
100855, 465
100882, 460
100910, 464
100936, 466
100964, 462
100990, 463
101018, 468
101045, 467
101071, 468
101099, 465
101126, 461
101153, 462
101180, 458
101208, 460
101234, 465
101262, 461
101288, 457
101316, 464
101343, 472
101370, 468
101397, 473
101425, 473
101451, 471
101479, 472
101506, 467
101532, 471
101560, 465
101586, 462
101614, 462
101641, 464
101668, 461
101695, 466
101723, 464
101749, 462
101777, 466
101804, 467
101831, 470
101858, 462
101885, 464
101912, 459
101939, 462
101966, 462
101993, 461
102021, 473
102047, 469
102075, 470
102102, 471
102129, 468
102156, 470
102183, 468
102210, 468
102238, 468
102264, 465
102292, 470
102319, 462
102346, 467
102373, 465
102400, 462
102427, 468
102454, 469
102481, 467
102508, 466
102536, 465
102562, 464
102590, 466
102617, 462
102644, 461
102671, 457
102699, 458
102725, 462
102753, 464
102779, 462
102807, 462
102834, 464
102860, 466
102888, 466
102915, 470
102942, 467
102969, 468
102996, 468
103023, 462
103051, 470
103077, 464
103105, 468
103132, 469
103159, 472
103186, 466
103214, 471
103240, 468
103268, 472
103294, 470
103321, 468
103349, 466
103375, 467
103403, 465
103430, 466
103457, 468
103484, 467
103512, 470
103538, 470
103566, 472
103592, 468
103620, 469
103647, 470
103674, 471
103701, 470
103728, 468
103755, 467
103782, 468
103810, 463
103836, 469
103864, 472
103890, 466
103918, 470
103945, 472
103972, 462
103999, 472
104027, 466
104053, 466
104081, 460
104108, 459
104135, 465
104162, 462
104188, 464
104216, 470
104243, 465
104270, 470
104297, 474
104325, 468
104351, 465
104379, 471
104406, 468
104433, 471
104460, 469
104487, 472
104514, 469
104542, 473
104568, 468
104596, 472
104623, 468
104649, 469
104677, 467
104704, 472
104731, 472
104758, 466
104785, 472
104812, 469
104840, 462
104866, 460
104894, 462
104921, 458
104948, 457
104975, 462
105003, 468
105029, 472
105057, 475
105083, 475
105110, 474
105138, 471
105164, 471
105192, 470
105219, 473
105246, 474
105273, 470
105300, 467
105327, 471
105355, 468
105381, 471
105409, 470
105436, 471
105463, 469
105490, 471
105517, 474
105544, 469
105571, 469
105598, 469
105625, 465
105653, 462
105679, 457
105707, 464
105734, 465
105761, 463
105788, 462
105816, 473
105842, 470
105870, 472
105896, 472
105924, 471
105951, 471
105977, 476
106005, 473
106032, 475
106059, 472
106086, 472
106114, 487
106140, 488
106168, 494
106194, 493
106222, 488
106249, 501
106276, 493
106303, 492
106331, 490
106357, 495
106385, 497
106412, 493
106438, 463
106466, 460
106492, 467
106520, 497
106547, 483
106574, 487
106601, 461
106629, 485
106655, 486
106683, 473
106710, 499
106737, 500
106764, 497
106791, 503
106818, 492
106846, 476
106872, 499
106899, 499
106927, 477
106953, 498
106981, 492
107008, 490
107035, 495
107062, 496
107089, 471
107116, 478
107144, 477
107170, 476
107198, 476
107225, 475
107252, 472
107279, 472
107305, 467
107333, 464
107360, 469
107387, 464
107414, 466
107442, 466
107468, 464
107496, 469
107523, 467
107550, 467
107577, 467
107604, 476
107631, 480
107659, 476
107685, 476
107713, 475
107740, 508
107766, 500
107794, 501
107821, 501
107848, 506
107875, 497
107902, 488
107929, 484
107957, 487
107983, 495
108011, 496
108038, 499
108065, 498
108092, 493
108120, 495
108146, 497
108174, 493
108200, 493
108227, 485
108255, 496
108281, 493
108309, 491
108336, 484
108363, 487
108390, 489
108418, 498
108444, 499
108472, 480
108498, 496
108526, 498
108553, 498
108580, 496
108607, 504
108635, 495
108661, 496
108688, 489
108716, 490
108742, 493
108770, 486
108796, 485
108824, 493
108851, 491
108878, 498
108905, 489
108933, 491
108959, 493
108987, 487
109014, 493
109041, 488
109068, 497
109095, 492
109122, 498
109149, 490
109176, 489
109203, 490
109231, 489
109257, 490
109285, 487
109312, 485
109339, 488
109366, 486
109393, 485
109420, 489
109448, 484
109474, 477
109502, 481
109529, 483
109555, 480
109583, 482
109609, 486
109637, 483
109664, 484
109691, 486
109718, 476
109746, 479
109772, 480
109800, 477
109827, 472
109854, 476
109881, 480
109908, 479
109935, 479
109963, 490
109989, 486
110016, 488
110044, 489
110070, 489
110098, 488
110125, 489
110152, 461
110179, 470
110206, 469
110233, 485
110261, 465
110287, 431
110315, 432
110342, 500
110369, 484
110396, 517
110424, 521
110450, 432
110477, 450
110504, 419
110531, 357
110559, 386
110585, 416
110613, 387
110640, 351
110667, 323
110694, 290
110722, 305
110748, 166
110776, 196
110802, 91
110828, 461
110855, 312
110881, 172
110909, 0
110931, 0
110955, 0
110978, 2
111001, 124
111028, 2
111050, 4
111074, 4
111096, 4
111120, 5
111142, 4
111165, 3
111188, 4
111211, 3
111235, 4
111257, 5
111280, 3
111303, 6
111326, 3
111349, 4
111372, 5
111394, 4
111418, 5
111440, 4
111464, 4
111486, 3
111509, 0
111533, 3
111555, 1
111579, 15
111603, 35
111628, 54
111653, 44
111678, 52
111704, 51
111728, 68
111754, 117
111780, 137
111808, 138
111835, 161
111861, 181
111889, 199
111916, 199
111943, 213
111970, 229
111997, 236
112024, 261
112052, 267
112078, 274
112106, 284
112133, 285
112160, 292
112187, 296
112215, 297
112241, 300
112268, 305
112295, 309
112322, 312
112350, 313
112376, 316
112404, 322
112431, 319
112458, 327
112485, 327
112513, 328
112539, 330
112567, 327
112593, 326
112621, 328
112648, 324
112675, 333
112702, 324
112729, 327
112756, 320
112783, 320
112811, 316
112837, 308
112865, 306
112891, 303
112919, 295
112946, 291
112973, 277
113000, 268
113028, 270
113054, 274
113082, 270
113108, 258
113136, 289
113163, 470
113189, 480
113217, 507
113244, 528
113271, 540
113298, 572
113326, 592
113352, 618
113380, 622
113406, 626
113434, 625
113461, 629
113488, 627
113515, 630
113543, 627
113569, 630
113597, 631
113624, 630
113650, 633
113678, 631
113704, 639
113732, 645
113759, 641
113786, 614
113813, 582
113841, 580
113867, 587
113895, 558
113922, 574
113949, 557
113976, 555
114003, 563
114030, 577
114057, 581
114084, 569
114111, 603
114139, 641
114165, 644
114193, 647
114220, 639
114247, 594
114274, 560
114301, 504
114328, 370
114356, 257
114382, 247
114410, 246
114437, 243
114464, 232
114491, 149
114518, 0
114541, 0
114564, 0
114587, 0
114610, 0
114632, 0
114656, 0
114678, 0
114702, 0
114724, 78
114749, 41
114775, 3
114797, 0
114821, 9
114843, 0
114867, 3
114889, 0
114912, 0
114935, 42
114960, 57
114985, 1
115008, 0
115031, 0
115054, 2
115077, 0
115100, 0
115123, 0
115145, 0
115169, 0
115191, 0
115215, 0
115237, 0
115260, 0
115283, 0
115306, 0
115330, 0
115352, 0
115375, 0
115398, 0
115421, 0
115444, 0
115467, 0
115489, 0
115513, 0
115535, 0
115559, 0
115581, 0
115604, 0
115628, 0
115650, 0
115673, 0
115696, 0
115719, 0
115742, 0
115765, 0
115787, 0
115811, 0
115833, 0
115857, 0
115879, 0
115902, 0
115926, 0
115948, 0
115972, 0
115994, 0
116017, 0
116040, 0
116063, 0
116086, 0
116109, 0
116131, 0
116155, 0
116177, 0
116201, 0
116224, 0
116246, 0
116270, 0
116292, 0
116316, 0
116338, 0
116361, 0
116384, 0
116407, 0
116430, 0
116453, 0
116475, 0
116499, 0
116521, 0
116545, 0
116568, 0
116590, 0
116614, 0
116636, 0
116660, 0
116682, 0
116705, 0
116728, 0
116751, 0
116774, 0
116797, 0
116819, 0
116843, 0
116866, 0
116889, 0
116912, 0
116934, 0
116958, 0
116980, 0
117004, 0
117026, 0
117049, 0
117072, 0
117095, 0
117118, 0
117141, 0
117164, 0
117187, 0
117210, 0
117233, 0
117256, 0
117278, 0
117302, 0
117324, 0
117348, 0
117370, 0
117393, 0
117416, 0
117439, 0
117463, 0
117485, 0
117508, 0
117531, 0
117554, 0
117576, 0
117600, 0
117622, 0
117646, 0
117668, 0
117691, 0
117714, 0
117737, 0
117761, 0
117783, 0
117806, 0
117829, 0
117852, 0
117875, 0
117898, 0
117920, 0
117944, 0
117966, 0
117990, 0
118012, 0
118035, 0
118059, 0
118081, 0
118105, 0
118127, 0
118150, 0
118173, 0
118196, 0
118219, 0
118242, 0
118264, 0
118288, 0
118310, 0
118334, 0
118356, 0
118379, 0
118403, 0
118425, 0
118449, 0
118471, 0
118494, 0
118517, 0
118540, 0
118563, 0
118586, 0
118608, 0
118632, 0
118654, 0
118678, 0
118701, 0
118723, 0
118747, 0
118769, 0
118793, 0
118815, 0
118838, 0
118861, 0
118884, 0
118907, 0
118930, 0
118952, 0
118976, 0
118999, 0
119022, 0
119045, 0
119067, 0
119091, 0
119113, 0
119137, 0
119159, 0
119182, 0
119205, 0
119228, 0
119251, 0
119274, 0
119297, 0
119320, 0
119343, 0
119365, 0
119389, 0
119411, 0
119435, 0
119457, 0
119480, 0
119503, 0
119526, 0
119549, 0
119572, 0
119595, 0
119618, 0
119641, 0
119664, 0
119687, 0
119709, 0
119733, 0
119755, 0
119779, 0
119801, 0
119824, 0
119847, 0
119870, 0
119894, 0
119916, 0
119939, 0
119962, 0
119985, 0
120008, 0
120031, 0
120053, 0
120077, 0
120099, 0
120123, 0
120145, 0
120168, 0
120192, 0
120214, 0
120238, 0
120260, 0
120283, 0
120306, 0
120329, 0
120352, 0
120375, 0
120397, 0
120421, 0
120443, 0
120467, 0
120489, 0
120512, 0
120536, 0
120558, 0
120582, 0
120604, 0
120627, 0
120650, 0
120673, 0
120696, 0
120719, 0
120741, 0
120765, 0
120787, 0
120811, 0
120834, 0
120856, 0
120880, 0
120902, 0
120926, 0
120948, 0
120971, 0
120994, 0
121017, 0
121040, 0
121063, 0
121085, 0
121109, 0
121132, 0
121154, 0
121178, 0
121200, 0
121224, 0
121246, 0
121269, 0
121292, 0
121315, 0
121338, 0
121361, 0
121383, 0
121407, 0
121430, 0
121453, 0
121476, 0
121498, 0
121522, 0
121544, 0
121568, 0
121590, 0
121613, 0
121636, 0
121659, 0
121682, 0
121705, 0
121728, 0
121751, 0
121774, 0
121797, 0
121820, 0
121842, 0
121866, 0
121888, 0
121912, 0
121934, 0
121957, 0
121980, 0
122003, 0
122027, 0
122049, 0
122072, 0
122095, 0
122118, 0
122141, 0
122164, 0
122186, 0
122210, 0
122232, 0
122256, 0
122278, 0
122301, 0
122324, 0
122347, 0
122371, 0
122393, 0
122416, 0
122439, 0
122462, 0
122485, 0
122508, 0
122530, 0
122554, 0
122576, 0
122600, 0
122622, 0
122645, 0
122669, 0
122691, 0
122715, 0
122737, 0
122760, 0
122783, 0
122806, 0
122829, 0
122852, 0
122874, 0
122898, 0
122920, 0
122943, 0
122967, 0
122989, 0
123013, 0
123035, 0
123058, 0
123081, 0
123104, 0
123127, 0
123150, 0
123172, 0
123196, 0
123218, 0
123242, 0
123265, 0
123287, 0
123311, 0
123333, 0
123357, 0
123379, 0
123402, 0
123425, 0
123448, 0
123471, 0
123494, 0
123516, 0
123540, 0
123563, 0
123586, 0
123609, 0
123631, 0
123655, 0
123677, 0
123701, 0
123723, 0
123746, 0
123769, 0
123792, 0
123815, 0
123838, 0
123860, 0
123884, 0
123907, 0
123930, 0
123953, 0
123975, 0
123999, 0
124021, 0
124045, 0
124067, 0
124090, 0
124113, 0
124136, 0
124160, 0
124182, 0
124205, 0
124228, 0
124251, 0
124274, 0
124297, 0
124319, 0
124343, 0
124365, 0
124389, 0
124411, 0
124434, 0
124457, 0
124480, 0
124504, 0
124526, 0
124549, 0
124572, 0
124595, 0
124618, 0
124641, 0
124663, 0
124687, 0
124709, 0
124732, 0
124755, 0
124778, 0
124802, 0
124824, 0
124847, 0
124870, 0
124893, 0
124916, 0
124939, 0
124961, 0
124985, 0
125007, 0
125031, 0
125053, 0
125076, 0
125100, 0
125122, 0
125146, 0
125168, 0
125191, 0
125214, 0
125237, 0
125260, 0
125283, 0
125305, 0
125329, 0
125351, 0
125375, 0
125398, 0
125420, 0
125444, 0
125466, 0
125490, 0
125512, 0
125535, 0
125558, 0
125581, 0
125604, 0
125627, 0
125649, 0
125673, 0
125696, 0
125719, 0
125742, 0
125764, 0
125788, 0
125810, 0
125834, 0
125856, 0
125879, 0
125902, 0
125925, 0
125948, 0
125971, 0
125993, 0
126017, 0
126040, 0
126063, 0
126086, 0
126108, 0
126132, 0
126154, 0
126178, 0
126200, 0
126223, 0
126246, 0
126269, 0
126292, 0
126315, 0
126338, 0
126361, 0
126384, 0
126407, 0
126430, 0
126452, 0
126476, 0
126498, 0
126521, 0
126544, 0
126567, 0
126590, 0
126613, 0
126636, 0
126659, 0
126682, 0
126705, 0
126728, 0
126750, 0
126774, 0
126796, 0
126820, 0
126842, 0
126865, 0
126888, 0
126911, 0
126935, 0
126957, 0
126980, 0
127003, 0
127026, 0
127049, 0
127072, 0
127094, 0
127118, 0
127140, 0
127164, 0
127186, 0
127209, 0
127233, 0
127255, 0
127279, 0
127301, 0
127324, 0
127347, 0
127370, 0
127393, 0
127416, 0
127438, 0
127462, 0
127484, 0
127508, 0
127531, 0
127553, 0
127577, 0
127599, 0
127623, 0
127645, 0
127668, 0
127691, 0
127714, 0
127737, 0
127760, 0
127782, 0
127806, 0
127828, 0
127852, 0
127875, 0
127897, 0
127921, 0
127943, 0
127967, 0
127989, 0
128012, 0
128035, 0
128058, 0
128081, 0
128104, 0
128126, 0
128150, 0
128173, 0
128196, 0
128219, 0
128241, 0
128265, 0
128287, 0
128310, 0
128333, 0
128356, 0
128379, 0
128402, 0
128424, 0
128448, 0
128471, 0
128494, 0
128517, 0
128539, 0
128563, 0
128585, 0
128609, 0
128631, 0
128654, 0
128677, 0
128700, 0
128723, 0
128746, 0
128769, 0
128792, 0
128815, 0
128838, 0
128861, 0
128883, 0
128907, 0
128929, 0
128953, 0
128975, 0
128998, 0
129021, 0
129044, 0
129068, 0
129090, 0
129113, 0
129136, 0
129159, 0
129182, 0
129205, 0
129227, 0
129251, 0
129273, 0
129297, 0
129319, 0
129342, 0
129366, 0
129388, 0
129412, 0
129434, 0
129457, 0
129480, 0
129503, 0
129526, 0
129549, 0
129571, 0
129595, 0
129617, 0
129641, 0
129664, 0
129686, 0
129710, 0
129732, 0
129756, 0
129778, 0
129801, 0
129824, 0
129847, 0
129870, 0
129893, 0
129915, 0
129939, 0
129961, 0
129985, 0
130008, 0
130030, 0
130054, 0
130076, 0
130100, 0
130122, 0
130145, 0
130168, 0
130191, 0
130213, 0
130237, 0
130259, 0
130283, 0
130306, 0
130328, 0
130352, 0
130374, 0
130398, 0
130420, 0
130443, 0
130466, 0
130489, 0
130512, 0
130535, 0
130557, 0
130581, 0
130604, 0
130627, 0
130650, 0
130672, 0
130696, 0
130718, 0
130742, 0
130764, 0
130787, 0
130810, 0
130833, 0
130856, 0
130879, 0
130902, 0
130925, 0
130948, 0
130971, 0
130994, 0
131016, 0
131040, 0
131062, 0
131086, 0
131108, 0
131131, 0
131154, 0
131177, 0
131201, 0
131223, 0
131246, 0
131269, 0
131292, 0
131315, 0
131338, 0
131360, 0
131384, 0
131406, 0
131430, 0
131452, 0
131475, 0
131499, 0
131521, 0
131545, 0
131567, 0
131590, 0
131613, 0
131636, 0
131659, 0
131682, 0
131704, 0
131728, 0
131750, 0
131774, 0
131796, 0
131819, 0
131843, 0
131865, 0
131889, 0
131911, 0
131934, 0
131957, 0
131980, 0
132002, 0
132026, 0
132048, 0
132072, 0
132094, 0
132117, 0
132141, 0
132163, 0
132187, 0
132209, 0
132232, 0
132255, 0
132278, 0
132301, 0
132324, 0
132346, 0
132370, 0
132392, 0
132416, 0
132439, 0
132461, 0
132485, 0
132507, 0
132531, 0
132553, 0
132576, 0
132599, 0
132622, 0
132645, 0
132668, 0
132690, 0
132714, 0
132737, 0
132760, 0
132783, 0
132805, 0
132829, 0
132851, 0
132875, 0
132897, 0
132920, 0
132943, 0
132966, 0
132989, 0
133012, 0
133035, 0
133058, 0
133081, 0
133104, 0
133127, 0
133149, 0
133173, 0
133195, 0
133219, 0
133241, 0
133264, 0
133287, 0
133310, 0
133334, 0
133356, 0
133379, 0
133402, 0
133425, 0
133448, 0
133471, 0
133493, 0
133517, 0
133539, 0
133563, 0
133585, 0
133608, 0
133632, 0
133654, 0
133678, 0
133700, 0
133723, 0
133746, 0
133769, 0
133791, 0
133815, 0
133837, 0
133861, 0
133883, 0
133906, 0
133929, 0
133952, 0
133976, 0
133998, 0
134021, 0
134044, 0
134067, 0
134090, 0
134113, 0
134135, 0
134159, 0
134181, 0
134205, 0
134227, 0
134250, 0
134274, 0
134296, 0
134320, 0
134342, 0
134365, 0
134388, 0
134411, 0
134434, 0
134457, 0
134479, 0
134503, 0
134525, 0
134549, 0
134572, 0
134594, 0
134618, 0
134640, 0
134664, 0
134686, 0
134709, 0
134732, 0
134755, 0
134778, 0
134801, 0
134823, 0
134847, 0
134870, 0
134893, 0
134916, 0
134938, 0
134962, 0
134984, 0
135008, 0
135030, 0
135053, 0
135076, 0
135099, 0
135122, 0
135145, 0
135168, 0
135191, 0
135214, 0
135237, 0
135260, 0
135282, 0
135306, 0
135328, 0
135352, 0
135374, 0
135397, 0
135420, 0
135443, 0
135467, 0
135489, 0
135512, 0
135535, 0
135558, 0
135580, 0
135604, 0
135626, 0
135650, 0
135672, 0
135695, 0
135718, 0
135741, 0
135764, 0
135787, 0
135810, 0
135833, 0
135856, 0
135879, 0
135902, 0
135924, 0
135948, 0
135970, 0
135994, 0
136016, 0
136039, 0
136062, 0
136085, 0
136109, 0
136131, 0
136154, 0
136177, 0
136200, 0
136223, 0
136246, 0
136268, 0
136292, 0
136314, 0
136338, 0
136360, 0
136383, 0
136407, 0
136429, 0
136453, 0
136475, 0
136498, 0
136521, 0
136544, 0
136567, 0
136590, 0
136612, 0
136636, 0
136658, 0
136682, 0
136705, 0
136727, 0
136751, 0
136773, 0
136797, 0
136819, 0
136842, 0
136865, 0
136888, 0
136911, 0
136934, 0
136956, 0
136980, 0
137003, 0
137026, 0
137049, 0
137071, 0
137095, 0
137117, 0
137141, 0
137163, 0
137186, 0
137209, 0
137232, 0
137255, 0
137278, 0
137300, 0
137324, 0
137347, 0
137369, 0
137393, 0
137415, 0
137439, 0
137461, 0
137484, 0
137507, 0
137530, 0
137553, 0
137576, 0
137598, 0
137622, 0
137645, 0
137668, 0
137691, 0
137713, 0
137737, 0
137759, 0
137783, 0
137805, 0
137828, 0
137851, 0
137874, 0
137897, 0
137920, 0
137943, 0
137966, 0
137989, 0
138012, 0
138035, 0
138057, 0
138081, 0
138103, 0
138127, 0
138149, 0
138172, 0
138195, 0
138218, 0
138242, 0
138264, 0
138287, 0
138310, 0
138333, 0
138356, 0
138379, 0
138401, 0
138425, 0
138447, 0
138471, 0
138493, 0
138516, 0
138540, 0
138562, 0
138586, 0
138608, 0
138631, 0
138654, 0
138677, 0
138700, 0
138723, 0
138745, 0
138769, 0
138791, 0
138815, 0
138838, 0
138860, 0
138884, 0
138906, 0
138930, 0
138952, 0
138975, 0
138998, 0
139021, 0
139044, 0
139067, 0
139089, 0
139113, 0
139136, 0
139158, 0
139182, 0
139204, 0
139228, 0
139250, 0
139273, 0
139296, 0
139319, 0
139342, 0
139365, 0
139387, 0
139411, 0
139433, 0